#X		Y		Free		Pro
2.334375	-19.500000	9999999.000000	0.000000
2.334375	-18.500000	9999999.000000	0.000000
2.334375	-17.500000	9999999.000000	0.000000
2.334375	-16.500000	9999999.000000	0.000000
2.334375	-15.500000	9999999.000000	0.000000
2.334375	-14.500000	9999999.000000	0.000000
2.334375	-13.500000	9999999.000000	0.000000
2.334375	-12.500000	9999999.000000	0.000000
2.334375	-11.500000	9999999.000000	0.000000
2.334375	-10.500000	9999999.000000	0.000000
2.334375	-9.500000	9999999.000000	0.000000
2.334375	-8.500000	9999999.000000	0.000000
2.334375	-7.500000	9999999.000000	0.000000
2.334375	-6.500000	9999999.000000	0.000000
2.334375	-5.500000	9999999.000000	0.000000
2.334375	-4.500000	9999999.000000	0.000000
2.334375	-3.500000	9999999.000000	0.000000
2.334375	-2.500000	9999999.000000	0.000000
2.334375	-1.500000	9999999.000000	0.000000
2.334375	-0.500000	9999999.000000	0.000000
2.334375	0.500000	9999999.000000	0.000000
2.334375	1.500000	9999999.000000	0.000000
2.334375	2.500000	9999999.000000	0.000000
2.334375	3.500000	9999999.000000	0.000000
2.334375	4.500000	9999999.000000	0.000000
2.334375	5.500000	9999999.000000	0.000000
2.334375	6.500000	9999999.000000	0.000000
2.334375	7.500000	9999999.000000	0.000000
2.334375	8.500000	9999999.000000	0.000000
2.334375	9.500000	9999999.000000	0.000000
2.334375	10.500000	9999999.000000	0.000000
2.334375	11.500000	9999999.000000	0.000000
2.334375	12.500000	9999999.000000	0.000000
2.334375	13.500000	9999999.000000	0.000000
2.334375	14.500000	9999999.000000	0.000000
2.334375	15.500000	9999999.000000	0.000000
2.334375	16.500000	9999999.000000	0.000000
2.334375	17.500000	9999999.000000	0.000000
2.334375	18.500000	9999999.000000	0.000000
2.334375	19.500000	9999999.000000	0.000000

2.503125	-19.500000	9999999.000000	0.000000
2.503125	-18.500000	17.603092	0.000000
2.503125	-17.500000	6.140061	0.000001
2.503125	-16.500000	4.812449	0.000006
2.503125	-15.500000	3.776957	0.000031
2.503125	-14.500000	3.799397	0.000030
2.503125	-13.500000	3.823401	0.000029
2.503125	-12.500000	3.596458	0.000043
2.503125	-11.500000	3.913070	0.000025
2.503125	-10.500000	3.569381	0.000045
2.503125	-9.500000	3.545096	0.000047
2.503125	-8.500000	3.667411	0.000038
2.503125	-7.500000	3.583434	0.000044
2.503125	-6.500000	3.695218	0.000036
2.503125	-5.500000	3.688655	0.000037
2.503125	-4.500000	3.680328	0.000037
2.503125	-3.500000	4.227105	0.000015
2.503125	-2.500000	3.508941	0.000049
2.503125	-1.500000	3.784720	0.000031
2.503125	-0.500000	3.904123	0.000025
2.503125	0.500000	3.935562	0.000024
2.503125	1.500000	3.575782	0.000044
2.503125	2.500000	3.639243	0.000040
2.503125	3.500000	3.896542	0.000026
2.503125	4.500000	3.763606	0.000032
2.503125	5.500000	3.767706	0.000032
2.503125	6.500000	3.882100	0.000026
2.503125	7.500000	3.726706	0.000034
2.503125	8.500000	3.846725	0.000028
2.503125	9.500000	3.972609	0.000023
2.503125	10.500000	3.973366	0.000023
2.503125	11.500000	4.034370	0.000020
2.503125	12.500000	3.926808	0.000024
2.503125	13.500000	3.968517	0.000023
2.503125	14.500000	3.800057	0.000030
2.503125	15.500000	4.452342	0.000010
2.503125	16.500000	5.066276	0.000004
2.503125	17.500000	6.373238	0.000000
2.503125	18.500000	17.592763	0.000000
2.503125	19.500000	9999999.000000	0.000000

2.671875	-19.500000	9999999.000000	0.000000
2.671875	-18.500000	14.335369	0.000000
2.671875	-17.500000	2.871931	0.000144
2.671875	-16.500000	1.538886	0.001356
2.671875	-15.500000	0.762163	0.005002
2.671875	-14.500000	0.391482	0.009328
2.671875	-13.500000	0.455866	0.008371
2.671875	-12.500000	0.435440	0.008664
2.671875	-11.500000	0.406674	0.009093
2.671875	-10.500000	0.421469	0.008870
2.671875	-9.500000	0.460386	0.008308
2.671875	-8.500000	0.500869	0.007761
2.671875	-7.500000	0.525084	0.007452
2.671875	-6.500000	0.571853	0.006888
2.671875	-5.500000	0.588726	0.006696
2.671875	-4.500000	0.593776	0.006639
2.671875	-3.500000	0.611208	0.006447
2.671875	-2.500000	0.617544	0.006379
2.671875	-1.500000	0.679855	0.005745
2.671875	-0.500000	0.628891	0.006259
2.671875	0.500000	0.603162	0.006535
2.671875	1.500000	0.654955	0.005990
2.671875	2.500000	0.716388	0.005403
2.671875	3.500000	0.738669	0.005204
2.671875	4.500000	0.731899	0.005264
2.671875	5.500000	0.729840	0.005282
2.671875	6.500000	0.755151	0.005062
2.671875	7.500000	0.732961	0.005254
2.671875	8.500000	0.723898	0.005335
2.671875	9.500000	0.774910	0.004896
2.671875	10.500000	0.750121	0.005105
2.671875	11.500000	0.757143	0.005045
2.671875	12.500000	0.726579	0.005311
2.671875	13.500000	0.774321	0.004901
2.671875	14.500000	0.720880	0.005362
2.671875	15.500000	1.095410	0.002857
2.671875	16.500000	1.929672	0.000703
2.671875	17.500000	3.242780	0.000077
2.671875	18.500000	14.256810	0.000000
2.671875	19.500000	9999999.000000	0.000000

2.840625	-19.500000	9999999.000000	0.000000
2.840625	-18.500000	14.044853	0.000000
2.840625	-17.500000	2.519471	0.000261
2.840625	-16.500000	1.182122	0.002469
2.840625	-15.500000	0.376592	0.009565
2.840625	-14.500000	0.010526	0.017698
2.840625	-13.500000	0.023331	0.017321
2.840625	-12.500000	0.000000	0.018014
2.840625	-11.500000	0.032975	0.017042
2.840625	-10.500000	0.037367	0.016917
2.840625	-9.500000	0.096273	0.015322
2.840625	-8.500000	0.121609	0.014683
2.840625	-7.500000	0.141300	0.014205
2.840625	-6.500000	0.145949	0.014095
2.840625	-5.500000	0.164239	0.013668
2.840625	-4.500000	0.219052	0.012465
2.840625	-3.500000	0.245374	0.011925
2.840625	-2.500000	0.233563	0.012164
2.840625	-1.500000	0.281497	0.011223
2.840625	-0.500000	0.193699	0.013008
2.840625	0.500000	0.244992	0.011933
2.840625	1.500000	0.299031	0.010897
2.840625	2.500000	0.303818	0.010809
2.840625	3.500000	0.327002	0.010396
2.840625	4.500000	0.367556	0.009711
2.840625	5.500000	0.350032	0.010001
2.840625	6.500000	0.370648	0.009661
2.840625	7.500000	0.327840	0.010382
2.840625	8.500000	0.342982	0.010121
2.840625	9.500000	0.374938	0.009591
2.840625	10.500000	0.349834	0.010005
2.840625	11.500000	0.336266	0.010236
2.840625	12.500000	0.333641	0.010281
2.840625	13.500000	0.344865	0.010089
2.840625	14.500000	0.352800	0.009955
2.840625	15.500000	0.705259	0.005505
2.840625	16.500000	1.536375	0.001361
2.840625	17.500000	2.893678	0.000139
2.840625	18.500000	13.933174	0.000000
2.840625	19.500000	9999999.000000	0.000000

3.009375	-19.500000	9999999.000000	0.000000
3.009375	-18.500000	14.683557	0.000000
3.009375	-17.500000	3.193040	0.000084
3.009375	-16.500000	1.785552	0.000895
3.009375	-15.500000	0.998794	0.003361
3.009375	-14.500000	0.633282	0.006213
3.009375	-13.500000	0.646029	0.006081
3.009375	-12.500000	0.617267	0.006382
3.009375	-11.500000	0.666804	0.005872
3.009375	-10.500000	0.674572	0.005796
3.009375	-9.500000	0.735399	0.005233
3.009375	-8.500000	0.754126	0.005070
3.009375	-7.500000	0.761542	0.005008
3.009375	-6.500000	0.760508	0.005016
3.009375	-5.500000	0.817167	0.004561
3.009375	-4.500000	0.815524	0.004573
3.009375	-3.500000	0.879005	0.004110
3.009375	-2.500000	0.961126	0.003580
3.009375	-1.500000	0.878798	0.004112
3.009375	-0.500000	0.891538	0.004025
3.009375	0.500000	0.904434	0.003938
3.009375	1.500000	0.929641	0.003775
3.009375	2.500000	0.960762	0.003583
3.009375	3.500000	0.978646	0.003476
3.009375	4.500000	0.975533	0.003495
3.009375	5.500000	1.039984	0.003136
3.009375	6.500000	1.047428	0.003097
3.009375	7.500000	1.000954	0.003349
3.009375	8.500000	0.987780	0.003423
3.009375	9.500000	0.998703	0.003361
3.009375	10.500000	1.000595	0.003351
3.009375	11.500000	0.958805	0.003594
3.009375	12.500000	0.967427	0.003543
3.009375	13.500000	0.934378	0.003745
3.009375	14.500000	1.033863	0.003168
3.009375	15.500000	1.388054	0.001747
3.009375	16.500000	2.116185	0.000514
3.009375	17.500000	3.573835	0.000044
3.009375	18.500000	14.541204	0.000000
3.009375	19.500000	9999999.000000	0.000000

3.178125	-19.500000	9999999.000000	0.000000
3.178125	-18.500000	15.329548	0.000000
3.178125	-17.500000	3.943190	0.000024
3.178125	-16.500000	2.427309	0.000304
3.178125	-15.500000	1.637526	0.001148
3.178125	-14.500000	1.349553	0.001864
3.178125	-13.500000	1.437902	0.001606
3.178125	-12.500000	1.336150	0.001906
3.178125	-11.500000	1.303519	0.002014
3.178125	-10.500000	1.439056	0.001603
3.178125	-9.500000	1.399523	0.001713
3.178125	-8.500000	1.430112	0.001628
3.178125	-7.500000	1.480921	0.001494
3.178125	-6.500000	1.444370	0.001589
3.178125	-5.500000	1.453248	0.001565
3.178125	-4.500000	1.474245	0.001511
3.178125	-3.500000	1.633194	0.001157
3.178125	-2.500000	1.610667	0.001202
3.178125	-1.500000	1.572757	0.001281
3.178125	-0.500000	1.584922	0.001255
3.178125	0.500000	1.565314	0.001297
3.178125	1.500000	1.624921	0.001173
3.178125	2.500000	1.628298	0.001166
3.178125	3.500000	1.640275	0.001143
3.178125	4.500000	1.692986	0.001046
3.178125	5.500000	1.758325	0.000937
3.178125	6.500000	1.681984	0.001066
3.178125	7.500000	1.632744	0.001158
3.178125	8.500000	1.635169	0.001153
3.178125	9.500000	1.686923	0.001057
3.178125	10.500000	1.673097	0.001082
3.178125	11.500000	1.686489	0.001058
3.178125	12.500000	1.603940	0.001215
3.178125	13.500000	1.658853	0.001108
3.178125	14.500000	1.690876	0.001050
3.178125	15.500000	1.966247	0.000661
3.178125	16.500000	2.756726	0.000175
3.178125	17.500000	4.248658	0.000014
3.178125	18.500000	15.292398	0.000000
3.178125	19.500000	9999999.000000	0.000000

3.346875	-19.500000	9999999.000000	0.000000
3.346875	-18.500000	15.906537	0.000000
3.346875	-17.500000	4.495858	0.000009
3.346875	-16.500000	3.035626	0.000110
3.346875	-15.500000	2.236631	0.000420
3.346875	-14.500000	1.861989	0.000787
3.346875	-13.500000	1.788906	0.000890
3.346875	-12.500000	1.755282	0.000942
3.346875	-11.500000	1.880137	0.000764
3.346875	-10.500000	1.894071	0.000746
3.346875	-9.500000	1.884760	0.000758
3.346875	-8.500000	1.912508	0.000723
3.346875	-7.500000	1.897864	0.000741
3.346875	-6.500000	1.981074	0.000645
3.346875	-5.500000	1.981391	0.000644
3.346875	-4.500000	2.066432	0.000558
3.346875	-3.500000	2.097573	0.000530
3.346875	-2.500000	2.142696	0.000491
3.346875	-1.500000	2.116792	0.000513
3.346875	-0.500000	2.093074	0.000534
3.346875	0.500000	2.147517	0.000487
3.346875	1.500000	2.182493	0.000459
3.346875	2.500000	2.134804	0.000498
3.346875	3.500000	2.177383	0.000463
3.346875	4.500000	2.215786	0.000434
3.346875	5.500000	2.209412	0.000439
3.346875	6.500000	2.175558	0.000465
3.346875	7.500000	2.228673	0.000425
3.346875	8.500000	2.149376	0.000486
3.346875	9.500000	2.132169	0.000500
3.346875	10.500000	2.148711	0.000486
3.346875	11.500000	2.158456	0.000478
3.346875	12.500000	2.131841	0.000500
3.346875	13.500000	2.095751	0.000532
3.346875	14.500000	2.359527	0.000341
3.346875	15.500000	2.471080	0.000283
3.346875	16.500000	3.350189	0.000065
3.346875	17.500000	4.770050	0.000006
3.346875	18.500000	15.833407	0.000000
3.346875	19.500000	9999999.000000	0.000000

3.515625	-19.500000	9999999.000000	0.000000
3.515625	-18.500000	16.194774	0.000000
3.515625	-17.500000	4.879460	0.000005
3.515625	-16.500000	3.337217	0.000066
3.515625	-15.500000	2.532888	0.000255
3.515625	-14.500000	2.210978	0.000438
3.515625	-13.500000	2.188949	0.000455
3.515625	-12.500000	2.108570	0.000520
3.515625	-11.500000	2.164585	0.000474
3.515625	-10.500000	2.191218	0.000453
3.515625	-9.500000	2.208411	0.000440
3.515625	-8.500000	2.223405	0.000429
3.515625	-7.500000	2.244619	0.000414
3.515625	-6.500000	2.202118	0.000445
3.515625	-5.500000	2.371254	0.000335
3.515625	-4.500000	2.345091	0.000350
3.515625	-3.500000	2.318096	0.000366
3.515625	-2.500000	2.338418	0.000354
3.515625	-1.500000	2.446265	0.000295
3.515625	-0.500000	2.434217	0.000301
3.515625	0.500000	2.427973	0.000304
3.515625	1.500000	2.453817	0.000291
3.515625	2.500000	2.509471	0.000265
3.515625	3.500000	2.445811	0.000295
3.515625	4.500000	2.476147	0.000280
3.515625	5.500000	2.628538	0.000217
3.515625	6.500000	2.535319	0.000254
3.515625	7.500000	2.466438	0.000285
3.515625	8.500000	2.390193	0.000324
3.515625	9.500000	2.464883	0.000286
3.515625	10.500000	2.389441	0.000324
3.515625	11.500000	2.529985	0.000256
3.515625	12.500000	2.460886	0.000288
3.515625	13.500000	2.431383	0.000302
3.515625	14.500000	2.511172	0.000264
3.515625	15.500000	2.903302	0.000137
3.515625	16.500000	3.633862	0.000040
3.515625	17.500000	5.186682	0.000003
3.515625	18.500000	16.260553	0.000000
3.515625	19.500000	9999999.000000	0.000000

3.684375	-19.500000	9999999.000000	0.000000
3.684375	-18.500000	16.411060	0.000000
3.684375	-17.500000	5.015945	0.000004
3.684375	-16.500000	3.370613	0.000062
3.684375	-15.500000	2.730412	0.000183
3.684375	-14.500000	2.251931	0.000409
3.684375	-13.500000	2.083333	0.000543
3.684375	-12.500000	2.169289	0.000470
3.684375	-11.500000	2.238274	0.000418
3.684375	-10.500000	2.218900	0.000432
3.684375	-9.500000	2.252975	0.000408
3.684375	-8.500000	2.291476	0.000383
3.684375	-7.500000	2.334524	0.000356
3.684375	-6.500000	2.269212	0.000397
3.684375	-5.500000	2.409514	0.000314
3.684375	-4.500000	2.496777	0.000271
3.684375	-3.500000	2.572109	0.000239
3.684375	-2.500000	2.464864	0.000286
3.684375	-1.500000	2.533829	0.000255
3.684375	-0.500000	2.482993	0.000277
3.684375	0.500000	2.648323	0.000210
3.684375	1.500000	2.497017	0.000271
3.684375	2.500000	2.607728	0.000225
3.684375	3.500000	2.604985	0.000226
3.684375	4.500000	2.577488	0.000237
3.684375	5.500000	2.646891	0.000210
3.684375	6.500000	2.552324	0.000247
3.684375	7.500000	2.570710	0.000239
3.684375	8.500000	2.539738	0.000252
3.684375	9.500000	2.580324	0.000235
3.684375	10.500000	2.612384	0.000223
3.684375	11.500000	2.572106	0.000239
3.684375	12.500000	2.507808	0.000266
3.684375	13.500000	2.564204	0.000242
3.684375	14.500000	2.641257	0.000212
3.684375	15.500000	2.962860	0.000124
3.684375	16.500000	3.783941	0.000031
3.684375	17.500000	5.373667	0.000002
3.684375	18.500000	16.374237	0.000000
3.684375	19.500000	9999999.000000	0.000000

3.853125	-19.500000	9999999.000000	0.000000
3.853125	-18.500000	16.373948	0.000000
3.853125	-17.500000	5.059130	0.000004
3.853125	-16.500000	3.329135	0.000067
3.853125	-15.500000	2.569548	0.000240
3.853125	-14.500000	2.261540	0.000402
3.853125	-13.500000	2.153470	0.000482
3.853125	-12.500000	2.225880	0.000427
3.853125	-11.500000	2.158386	0.000478
3.853125	-10.500000	2.136303	0.000497
3.853125	-9.500000	2.170279	0.000469
3.853125	-8.500000	2.296595	0.000379
3.853125	-7.500000	2.257743	0.000405
3.853125	-6.500000	2.293718	0.000381
3.853125	-5.500000	2.253713	0.000408
3.853125	-4.500000	2.308744	0.000372
3.853125	-3.500000	2.381391	0.000329
3.853125	-2.500000	2.472845	0.000282
3.853125	-1.500000	2.334450	0.000356
3.853125	-0.500000	2.479363	0.000279
3.853125	0.500000	2.399030	0.000319
3.853125	1.500000	2.397011	0.000320
3.853125	2.500000	2.455606	0.000290
3.853125	3.500000	2.502148	0.000268
3.853125	4.500000	2.560103	0.000244
3.853125	5.500000	2.548428	0.000248
3.853125	6.500000	2.573703	0.000238
3.853125	7.500000	2.486230	0.000276
3.853125	8.500000	2.488518	0.000275
3.853125	9.500000	2.524956	0.000258
3.853125	10.500000	2.491446	0.000273
3.853125	11.500000	2.486178	0.000276
3.853125	12.500000	2.404053	0.000317
3.853125	13.500000	2.441105	0.000297
3.853125	14.500000	2.528335	0.000257
3.853125	15.500000	2.807330	0.000161
3.853125	16.500000	3.678747	0.000037
3.853125	17.500000	5.442018	0.000002
3.853125	18.500000	16.267967	0.000000
3.853125	19.500000	9999999.000000	0.000000

4.021875	-19.500000	9999999.000000	0.000000
4.021875	-18.500000	16.477334	0.000000
4.021875	-17.500000	4.953686	0.000004
4.021875	-16.500000	3.302911	0.000070
4.021875	-15.500000	2.434924	0.000301
4.021875	-14.500000	2.075425	0.000550
4.021875	-13.500000	1.965602	0.000662
4.021875	-12.500000	1.996334	0.000628
4.021875	-11.500000	2.036701	0.000587
4.021875	-10.500000	2.011853	0.000612
4.021875	-9.500000	2.004502	0.000620
4.021875	-8.500000	1.989337	0.000636
4.021875	-7.500000	2.068348	0.000557
4.021875	-6.500000	2.144684	0.000490
4.021875	-5.500000	2.123858	0.000507
4.021875	-4.500000	2.179450	0.000462
4.021875	-3.500000	2.272817	0.000395
4.021875	-2.500000	2.195314	0.000450
4.021875	-1.500000	2.231024	0.000423
4.021875	-0.500000	2.248747	0.000411
4.021875	0.500000	2.340507	0.000352
4.021875	1.500000	2.362669	0.000339
4.021875	2.500000	2.330954	0.000358
4.021875	3.500000	2.306669	0.000373
4.021875	4.500000	2.345997	0.000349
4.021875	5.500000	2.341251	0.000352
4.021875	6.500000	2.301225	0.000376
4.021875	7.500000	2.306692	0.000373
4.021875	8.500000	2.356343	0.000343
4.021875	9.500000	2.396559	0.000321
4.021875	10.500000	2.373793	0.000333
4.021875	11.500000	2.285070	0.000387
4.021875	12.500000	2.260652	0.000403
4.021875	13.500000	2.245196	0.000414
4.021875	14.500000	2.339403	0.000353
4.021875	15.500000	2.768584	0.000172
4.021875	16.500000	3.549512	0.000046
4.021875	17.500000	5.357453	0.000002
4.021875	18.500000	16.210512	0.000000
4.021875	19.500000	9999999.000000	0.000000

4.190625	-19.500000	9999999.000000	0.000000
4.190625	-18.500000	16.529549	0.000000
4.190625	-17.500000	4.954378	0.000004
4.190625	-16.500000	3.264241	0.000075
4.190625	-15.500000	2.321792	0.000364
4.190625	-14.500000	1.929867	0.000703
4.190625	-13.500000	1.897445	0.000742
4.190625	-12.500000	1.853512	0.000799
4.190625	-11.500000	1.894718	0.000745
4.190625	-10.500000	1.908308	0.000729
4.190625	-9.500000	1.915605	0.000720
4.190625	-8.500000	1.878531	0.000766
4.190625	-7.500000	2.041221	0.000583
4.190625	-6.500000	2.055912	0.000568
4.190625	-5.500000	2.022909	0.000601
4.190625	-4.500000	2.053617	0.000571
4.190625	-3.500000	2.134224	0.000498
4.190625	-2.500000	2.138209	0.000495
4.190625	-1.500000	2.146698	0.000488
4.190625	-0.500000	2.124550	0.000506
4.190625	0.500000	2.209315	0.000439
4.190625	1.500000	2.150140	0.000485
4.190625	2.500000	2.238726	0.000418
4.190625	3.500000	2.220754	0.000431
4.190625	4.500000	2.221937	0.000430
4.190625	5.500000	2.227695	0.000426
4.190625	6.500000	2.256196	0.000406
4.190625	7.500000	2.221767	0.000430
4.190625	8.500000	2.240810	0.000417
4.190625	9.500000	2.229705	0.000424
4.190625	10.500000	2.224306	0.000428
4.190625	11.500000	2.242456	0.000415
4.190625	12.500000	2.153143	0.000483
4.190625	13.500000	2.183286	0.000459
4.190625	14.500000	2.249713	0.000410
4.190625	15.500000	2.671849	0.000202
4.190625	16.500000	3.593451	0.000043
4.190625	17.500000	5.357060	0.000002
4.190625	18.500000	16.262976	0.000000
4.190625	19.500000	9999999.000000	0.000000

4.359375	-19.500000	9999999.000000	0.000000
4.359375	-18.500000	16.805761	0.000000
4.359375	-17.500000	4.925936	0.000005
4.359375	-16.500000	3.208310	0.000082
4.359375	-15.500000	2.264275	0.000400
4.359375	-14.500000	1.799274	0.000875
4.359375	-13.500000	1.805637	0.000866
4.359375	-12.500000	1.768854	0.000921
4.359375	-11.500000	1.819416	0.000846
4.359375	-10.500000	1.840392	0.000817
4.359375	-9.500000	1.861551	0.000788
4.359375	-8.500000	1.904333	0.000733
4.359375	-7.500000	1.926025	0.000707
4.359375	-6.500000	1.941643	0.000689
4.359375	-5.500000	1.932785	0.000699
4.359375	-4.500000	2.029690	0.000594
4.359375	-3.500000	2.044177	0.000580
4.359375	-2.500000	2.039159	0.000585
4.359375	-1.500000	2.093942	0.000533
4.359375	-0.500000	2.008924	0.000615
4.359375	0.500000	2.133612	0.000499
4.359375	1.500000	2.126426	0.000505
4.359375	2.500000	2.128240	0.000503
4.359375	3.500000	2.149665	0.000486
4.359375	4.500000	2.217797	0.000433
4.359375	5.500000	2.234914	0.000421
4.359375	6.500000	2.155606	0.000481
4.359375	7.500000	2.146887	0.000488
4.359375	8.500000	2.173211	0.000467
4.359375	9.500000	2.167577	0.000471
4.359375	10.500000	2.145563	0.000489
4.359375	11.500000	2.141434	0.000492
4.359375	12.500000	2.100529	0.000527
4.359375	13.500000	2.102645	0.000525
4.359375	14.500000	2.228277	0.000425
4.359375	15.500000	2.571818	0.000239
4.359375	16.500000	3.536022	0.000047
4.359375	17.500000	5.384597	0.000002
4.359375	18.500000	16.511571	0.000000
4.359375	19.500000	9999999.000000	0.000000

4.528125	-19.500000	9999999.000000	0.000000
4.528125	-18.500000	16.987463	0.000000
4.528125	-17.500000	4.982759	0.000004
4.528125	-16.500000	3.249223	0.000076
4.528125	-15.500000	2.312322	0.000369
4.528125	-14.500000	1.859238	0.000791
4.528125	-13.500000	1.829847	0.000831
4.528125	-12.500000	1.851037	0.000802
4.528125	-11.500000	1.836665	0.000822
4.528125	-10.500000	1.877223	0.000768
4.528125	-9.500000	1.873171	0.000773
4.528125	-8.500000	1.842245	0.000814
4.528125	-7.500000	1.950629	0.000678
4.528125	-6.500000	1.895955	0.000744
4.528125	-5.500000	1.934367	0.000697
4.528125	-4.500000	1.939520	0.000691
4.528125	-3.500000	1.991540	0.000633
4.528125	-2.500000	2.046971	0.000577
4.528125	-1.500000	2.109576	0.000519
4.528125	-0.500000	2.039893	0.000584
4.528125	0.500000	2.093260	0.000534
4.528125	1.500000	2.099591	0.000528
4.528125	2.500000	2.014778	0.000609
4.528125	3.500000	2.138603	0.000495
4.528125	4.500000	2.167456	0.000471
4.528125	5.500000	2.128481	0.000503
4.528125	6.500000	2.160306	0.000477
4.528125	7.500000	2.129675	0.000502
4.528125	8.500000	2.166905	0.000472
4.528125	9.500000	2.151644	0.000484
4.528125	10.500000	2.108453	0.000520
4.528125	11.500000	2.102192	0.000526
4.528125	12.500000	2.069663	0.000555
4.528125	13.500000	2.086082	0.000540
4.528125	14.500000	2.188091	0.000455
4.528125	15.500000	2.651999	0.000209
4.528125	16.500000	3.601662	0.000042
4.528125	17.500000	5.453076	0.000002
4.528125	18.500000	16.687066	0.000000
4.528125	19.500000	9999999.000000	0.000000

4.696875	-19.500000	9999999.000000	0.000000
4.696875	-18.500000	17.365216	0.000000
4.696875	-17.500000	5.112323	0.000003
4.696875	-16.500000	3.404183	0.000059
4.696875	-15.500000	2.376994	0.000331
4.696875	-14.500000	1.911481	0.000725
4.696875	-13.500000	1.933138	0.000699
4.696875	-12.500000	1.838949	0.000819
4.696875	-11.500000	1.939357	0.000691
4.696875	-10.500000	1.895492	0.000744
4.696875	-9.500000	1.943458	0.000687
4.696875	-8.500000	2.024456	0.000599
4.696875	-7.500000	1.983632	0.000642
4.696875	-6.500000	1.982406	0.000643
4.696875	-5.500000	2.031301	0.000592
4.696875	-4.500000	2.024048	0.000600
4.696875	-3.500000	2.127393	0.000504
4.696875	-2.500000	2.076770	0.000549
4.696875	-1.500000	2.116766	0.000513
4.696875	-0.500000	2.157374	0.000479
4.696875	0.500000	2.082382	0.000544
4.696875	1.500000	2.150263	0.000485
4.696875	2.500000	2.199731	0.000446
4.696875	3.500000	2.177554	0.000463
4.696875	4.500000	2.258723	0.000404
4.696875	5.500000	2.184309	0.000458
4.696875	6.500000	2.199784	0.000446
4.696875	7.500000	2.180449	0.000461
4.696875	8.500000	2.233232	0.000422
4.696875	9.500000	2.208551	0.000440
4.696875	10.500000	2.179812	0.000462
4.696875	11.500000	2.183872	0.000458
4.696875	12.500000	2.145083	0.000489
4.696875	13.500000	2.199540	0.000446
4.696875	14.500000	2.291241	0.000383
4.696875	15.500000	2.725467	0.000184
4.696875	16.500000	3.709020	0.000035
4.696875	17.500000	5.635715	0.000001
4.696875	18.500000	16.880853	0.000000
4.696875	19.500000	9999999.000000	0.000000

4.865625	-19.500000	9999999.000000	0.000000
4.865625	-18.500000	17.679726	0.000000
4.865625	-17.500000	5.278954	0.000003
4.865625	-16.500000	3.546892	0.000046
4.865625	-15.500000	2.458180	0.000289
4.865625	-14.500000	2.008017	0.000616
4.865625	-13.500000	2.024875	0.000599
4.865625	-12.500000	2.058237	0.000566
4.865625	-11.500000	1.989227	0.000636
4.865625	-10.500000	2.065816	0.000559
4.865625	-9.500000	2.087402	0.000539
4.865625	-8.500000	2.112825	0.000517
4.865625	-7.500000	2.130057	0.000502
4.865625	-6.500000	2.096162	0.000531
4.865625	-5.500000	2.111880	0.000517
4.865625	-4.500000	2.158944	0.000478
4.865625	-3.500000	2.219067	0.000432
4.865625	-2.500000	2.193121	0.000451
4.865625	-1.500000	2.273527	0.000394
4.865625	-0.500000	2.251659	0.000409
4.865625	0.500000	2.308092	0.000372
4.865625	1.500000	2.299712	0.000377
4.865625	2.500000	2.321689	0.000364
4.865625	3.500000	2.317667	0.000366
4.865625	4.500000	2.379638	0.000330
4.865625	5.500000	2.306299	0.000373
4.865625	6.500000	2.311441	0.000370
4.865625	7.500000	2.344664	0.000350
4.865625	8.500000	2.344301	0.000350
4.865625	9.500000	2.323633	0.000362
4.865625	10.500000	2.336623	0.000355
4.865625	11.500000	2.365071	0.000338
4.865625	12.500000	2.296932	0.000379
4.865625	13.500000	2.318400	0.000366
4.865625	14.500000	2.371882	0.000334
4.865625	15.500000	2.881089	0.000142
4.865625	16.500000	3.898719	0.000026
4.865625	17.500000	5.823262	0.000001
4.865625	18.500000	17.143903	0.000000
4.865625	19.500000	9999999.000000	0.000000

5.034375	-19.500000	9999999.000000	0.000000
5.034375	-18.500000	18.108700	0.000000
5.034375	-17.500000	5.449776	0.000002
5.034375	-16.500000	3.750299	0.000033
5.034375	-15.500000	2.718051	0.000187
5.034375	-14.500000	2.265662	0.000400
5.034375	-13.500000	2.227112	0.000426
5.034375	-12.500000	2.202572	0.000444
5.034375	-11.500000	2.208490	0.000440
5.034375	-10.500000	2.212479	0.000437
5.034375	-9.500000	2.215169	0.000435
5.034375	-8.500000	2.237321	0.000419
5.034375	-7.500000	2.319257	0.000365
5.034375	-6.500000	2.330477	0.000358
5.034375	-5.500000	2.287227	0.000385
5.034375	-4.500000	2.396200	0.000321
5.034375	-3.500000	2.394924	0.000321
5.034375	-2.500000	2.349531	0.000347
5.034375	-1.500000	2.420613	0.000308
5.034375	-0.500000	2.447612	0.000294
5.034375	0.500000	2.460374	0.000288
5.034375	1.500000	2.453216	0.000291
5.034375	2.500000	2.469809	0.000283
5.034375	3.500000	2.504749	0.000267
5.034375	4.500000	2.475291	0.000281
5.034375	5.500000	2.517421	0.000262
5.034375	6.500000	2.510228	0.000265
5.034375	7.500000	2.488985	0.000274
5.034375	8.500000	2.501374	0.000269
5.034375	9.500000	2.493464	0.000272
5.034375	10.500000	2.475663	0.000281
5.034375	11.500000	2.453679	0.000291
5.034375	12.500000	2.485240	0.000276
5.034375	13.500000	2.507138	0.000266
5.034375	14.500000	2.598501	0.000228
5.034375	15.500000	3.041189	0.000108
5.034375	16.500000	4.255112	0.000014
5.034375	17.500000	6.015130	0.000001
5.034375	18.500000	17.414238	0.000000
5.034375	19.500000	9999999.000000	0.000000

5.203125	-19.500000	9999999.000000	0.000000
5.203125	-18.500000	18.517214	0.000000
5.203125	-17.500000	5.655977	0.000001
5.203125	-16.500000	3.925796	0.000025
5.203125	-15.500000	2.900644	0.000137
5.203125	-14.500000	2.398701	0.000319
5.203125	-13.500000	2.325050	0.000362
5.203125	-12.500000	2.323992	0.000362
5.203125	-11.500000	2.364897	0.000338
5.203125	-10.500000	2.417949	0.000309
5.203125	-9.500000	2.451635	0.000292
5.203125	-8.500000	2.431361	0.000302
5.203125	-7.500000	2.442941	0.000297
5.203125	-6.500000	2.405530	0.000316
5.203125	-5.500000	2.473875	0.000282
5.203125	-4.500000	2.412696	0.000312
5.203125	-3.500000	2.602756	0.000227
5.203125	-2.500000	2.597194	0.000229
5.203125	-1.500000	2.549924	0.000248
5.203125	-0.500000	2.635126	0.000215
5.203125	0.500000	2.637146	0.000214
5.203125	1.500000	2.598249	0.000228
5.203125	2.500000	2.606407	0.000225
5.203125	3.500000	2.629175	0.000217
5.203125	4.500000	2.638399	0.000214
5.203125	5.500000	2.659456	0.000206
5.203125	6.500000	2.627963	0.000217
5.203125	7.500000	2.667509	0.000203
5.203125	8.500000	2.653816	0.000208
5.203125	9.500000	2.648918	0.000210
5.203125	10.500000	2.663329	0.000205
5.203125	11.500000	2.677324	0.000200
5.203125	12.500000	2.678860	0.000199
5.203125	13.500000	2.647740	0.000210
5.203125	14.500000	2.746723	0.000178
5.203125	15.500000	3.170157	0.000087
5.203125	16.500000	4.329760	0.000012
5.203125	17.500000	6.235348	0.000001
5.203125	18.500000	17.670992	0.000000
5.203125	19.500000	9999999.000000	0.000000

5.371875	-19.500000	9999999.000000	0.000000
5.371875	-18.500000	18.695109	0.000000
5.371875	-17.500000	5.667255	0.000001
5.371875	-16.500000	4.049410	0.000020
5.371875	-15.500000	2.979654	0.000120
5.371875	-14.500000	2.465263	0.000286
5.371875	-13.500000	2.503995	0.000268
5.371875	-12.500000	2.522639	0.000259
5.371875	-11.500000	2.492527	0.000273
5.371875	-10.500000	2.447584	0.000294
5.371875	-9.500000	2.559165	0.000244
5.371875	-8.500000	2.629563	0.000217
5.371875	-7.500000	2.566714	0.000241
5.371875	-6.500000	2.567910	0.000240
5.371875	-5.500000	2.598320	0.000228
5.371875	-4.500000	2.536716	0.000253
5.371875	-3.500000	2.670009	0.000202
5.371875	-2.500000	2.736467	0.000181
5.371875	-1.500000	2.715636	0.000188
5.371875	-0.500000	2.695240	0.000194
5.371875	0.500000	2.833924	0.000154
5.371875	1.500000	2.765156	0.000173
5.371875	2.500000	2.805437	0.000161
5.371875	3.500000	2.699312	0.000193
5.371875	4.500000	2.757199	0.000175
5.371875	5.500000	2.818188	0.000158
5.371875	6.500000	2.719138	0.000186
5.371875	7.500000	2.763070	0.000173
5.371875	8.500000	2.786828	0.000166
5.371875	9.500000	2.757970	0.000175
5.371875	10.500000	2.775678	0.000170
5.371875	11.500000	2.776165	0.000169
5.371875	12.500000	2.819614	0.000157
5.371875	13.500000	2.818077	0.000158
5.371875	14.500000	2.897093	0.000138
5.371875	15.500000	3.324982	0.000067
5.371875	16.500000	4.453760	0.000010
5.371875	17.500000	6.333520	0.000000
5.371875	18.500000	17.890423	0.000000
5.371875	19.500000	9999999.000000	0.000000

5.540625	-19.500000	9999999.000000	0.000000
5.540625	-18.500000	18.978078	0.000000
5.540625	-17.500000	5.898417	0.000001
5.540625	-16.500000	4.158903	0.000017
5.540625	-15.500000	3.123846	0.000094
5.540625	-14.500000	2.640760	0.000213
5.540625	-13.500000	2.630789	0.000216
5.540625	-12.500000	2.712902	0.000188
5.540625	-11.500000	2.698029	0.000193
5.540625	-10.500000	2.734944	0.000182
5.540625	-9.500000	2.706273	0.000190
5.540625	-8.500000	2.724552	0.000185
5.540625	-7.500000	2.794390	0.000164
5.540625	-6.500000	2.778396	0.000169
5.540625	-5.500000	2.784589	0.000167
5.540625	-4.500000	2.789891	0.000166
5.540625	-3.500000	2.881547	0.000142
5.540625	-2.500000	2.787566	0.000166
5.540625	-1.500000	2.950038	0.000126
5.540625	-0.500000	2.936559	0.000129
5.540625	0.500000	2.924456	0.000132
5.540625	1.500000	2.895214	0.000139
5.540625	2.500000	2.957977	0.000125
5.540625	3.500000	2.942287	0.000128
5.540625	4.500000	2.852184	0.000149
5.540625	5.500000	2.960116	0.000124
5.540625	6.500000	2.928600	0.000131
5.540625	7.500000	2.965508	0.000123
5.540625	8.500000	2.925179	0.000132
5.540625	9.500000	2.941728	0.000128
5.540625	10.500000	2.933659	0.000130
5.540625	11.500000	2.920696	0.000133
5.540625	12.500000	2.959055	0.000125
5.540625	13.500000	3.022370	0.000112
5.540625	14.500000	3.062690	0.000105
5.540625	15.500000	3.467450	0.000053
5.540625	16.500000	4.619906	0.000008
5.540625	17.500000	6.599088	0.000000
5.540625	18.500000	18.114091	0.000000
5.540625	19.500000	9999999.000000	0.000000

5.709375	-19.500000	9999999.000000	0.000000
5.709375	-18.500000	19.216516	0.000000
5.709375	-17.500000	6.025665	0.000001
5.709375	-16.500000	4.383714	0.000011
5.709375	-15.500000	3.319785	0.000068
5.709375	-14.500000	2.919638	0.000133
5.709375	-13.500000	2.830940	0.000154
5.709375	-12.500000	2.862066	0.000147
5.709375	-11.500000	2.809564	0.000160
5.709375	-10.500000	2.916581	0.000134
5.709375	-9.500000	2.919925	0.000133
5.709375	-8.500000	2.892906	0.000139
5.709375	-7.500000	2.838587	0.000153
5.709375	-6.500000	2.876554	0.000143
5.709375	-5.500000	3.059763	0.000105
5.709375	-4.500000	2.962891	0.000124
5.709375	-3.500000	2.975920	0.000121
5.709375	-2.500000	3.021720	0.000112
5.709375	-1.500000	3.072769	0.000103
5.709375	-0.500000	3.091036	0.000100
5.709375	0.500000	3.076070	0.000102
5.709375	1.500000	3.152757	0.000090
5.709375	2.500000	3.117844	0.000095
5.709375	3.500000	3.067677	0.000104
5.709375	4.500000	3.098402	0.000099
5.709375	5.500000	3.096961	0.000099
5.709375	6.500000	3.156428	0.000089
5.709375	7.500000	3.100076	0.000098
5.709375	8.500000	3.154352	0.000090
5.709375	9.500000	3.094054	0.000099
5.709375	10.500000	3.156705	0.000089
5.709375	11.500000	3.129480	0.000094
5.709375	12.500000	3.152291	0.000090
5.709375	13.500000	3.206673	0.000082
5.709375	14.500000	3.296878	0.000071
5.709375	15.500000	3.725572	0.000034
5.709375	16.500000	4.824925	0.000005
5.709375	17.500000	6.700809	0.000000
5.709375	18.500000	18.514417	0.000000
5.709375	19.500000	9999999.000000	0.000000

5.878125	-19.500000	9999999.000000	0.000000
5.878125	-18.500000	19.271378	0.000000
5.878125	-17.500000	6.109214	0.000001
5.878125	-16.500000	4.483387	0.000010
5.878125	-15.500000	3.454817	0.000054
5.878125	-14.500000	3.096465	0.000099
5.878125	-13.500000	2.959735	0.000124
5.878125	-12.500000	2.902593	0.000137
5.878125	-11.500000	2.947631	0.000127
5.878125	-10.500000	2.997121	0.000117
5.878125	-9.500000	3.016708	0.000113
5.878125	-8.500000	2.985915	0.000119
5.878125	-7.500000	3.051601	0.000107
5.878125	-6.500000	3.017277	0.000113
5.878125	-5.500000	3.003871	0.000116
5.878125	-4.500000	3.011588	0.000114
5.878125	-3.500000	3.165491	0.000088
5.878125	-2.500000	3.184068	0.000085
5.878125	-1.500000	3.215915	0.000081
5.878125	-0.500000	3.262719	0.000075
5.878125	0.500000	3.273274	0.000073
5.878125	1.500000	3.203194	0.000083
5.878125	2.500000	3.265809	0.000074
5.878125	3.500000	3.209014	0.000082
5.878125	4.500000	3.189659	0.000085
5.878125	5.500000	3.179510	0.000086
5.878125	6.500000	3.215086	0.000081
5.878125	7.500000	3.230904	0.000079
5.878125	8.500000	3.243801	0.000077
5.878125	9.500000	3.300749	0.000070
5.878125	10.500000	3.193119	0.000084
5.878125	11.500000	3.236728	0.000078
5.878125	12.500000	3.304674	0.000070
5.878125	13.500000	3.361527	0.000063
5.878125	14.500000	3.367255	0.000063
5.878125	15.500000	3.812601	0.000030
5.878125	16.500000	4.916173	0.000005
5.878125	17.500000	6.725057	0.000000
5.878125	18.500000	18.534461	0.000000
5.878125	19.500000	9999999.000000	0.000000

6.046875	-19.500000	9999999.000000	0.000000
6.046875	-18.500000	19.211426	0.000000
6.046875	-17.500000	6.125535	0.000001
6.046875	-16.500000	4.536585	0.000009
6.046875	-15.500000	3.559616	0.000045
6.046875	-14.500000	3.050465	0.000107
6.046875	-13.500000	3.021494	0.000112
6.046875	-12.500000	3.045753	0.000108
6.046875	-11.500000	3.044950	0.000108
6.046875	-10.500000	3.009343	0.000114
6.046875	-9.500000	3.160588	0.000089
6.046875	-8.500000	3.056400	0.000106
6.046875	-7.500000	3.099972	0.000098
6.046875	-6.500000	3.096982	0.000099
6.046875	-5.500000	3.038901	0.000109
6.046875	-4.500000	3.100607	0.000098
6.046875	-3.500000	3.222861	0.000080
6.046875	-2.500000	3.247173	0.000077
6.046875	-1.500000	3.180697	0.000086
6.046875	-0.500000	3.286149	0.000072
6.046875	0.500000	3.290876	0.000071
6.046875	1.500000	3.300901	0.000070
6.046875	2.500000	3.350597	0.000064
6.046875	3.500000	3.308795	0.000069
6.046875	4.500000	3.268166	0.000074
6.046875	5.500000	3.296762	0.000071
6.046875	6.500000	3.321749	0.000068
6.046875	7.500000	3.275697	0.000073
6.046875	8.500000	3.282420	0.000072
6.046875	9.500000	3.346731	0.000065
6.046875	10.500000	3.277479	0.000073
6.046875	11.500000	3.298753	0.000070
6.046875	12.500000	3.323104	0.000068
6.046875	13.500000	3.386066	0.000061
6.046875	14.500000	3.431369	0.000056
6.046875	15.500000	3.859675	0.000027
6.046875	16.500000	5.005693	0.000004
6.046875	17.500000	6.740591	0.000000
6.046875	18.500000	18.540498	0.000000
6.046875	19.500000	9999999.000000	0.000000

6.215625	-19.500000	9999999.000000	0.000000
6.215625	-18.500000	19.023050	0.000000
6.215625	-17.500000	6.279041	0.000000
6.215625	-16.500000	4.564670	0.000008
6.215625	-15.500000	3.514848	0.000049
6.215625	-14.500000	3.092821	0.000099
6.215625	-13.500000	3.110957	0.000096
6.215625	-12.500000	3.082309	0.000101
6.215625	-11.500000	3.128354	0.000094
6.215625	-10.500000	3.132826	0.000093
6.215625	-9.500000	3.134441	0.000093
6.215625	-8.500000	3.055453	0.000106
6.215625	-7.500000	3.107837	0.000097
6.215625	-6.500000	3.147121	0.000091
6.215625	-5.500000	3.130518	0.000093
6.215625	-4.500000	3.195719	0.000084
6.215625	-3.500000	3.162243	0.000089
6.215625	-2.500000	3.157007	0.000089
6.215625	-1.500000	3.235955	0.000078
6.215625	-0.500000	3.215940	0.000081
6.215625	0.500000	3.373571	0.000062
6.215625	1.500000	3.280408	0.000073
6.215625	2.500000	3.327988	0.000067
6.215625	3.500000	3.273570	0.000073
6.215625	4.500000	3.359524	0.000064
6.215625	5.500000	3.358904	0.000064
6.215625	6.500000	3.319902	0.000068
6.215625	7.500000	3.292965	0.000071
6.215625	8.500000	3.344183	0.000065
6.215625	9.500000	3.345269	0.000065
6.215625	10.500000	3.379492	0.000061
6.215625	11.500000	3.348397	0.000065
6.215625	12.500000	3.384341	0.000061
6.215625	13.500000	3.359150	0.000064
6.215625	14.500000	3.418276	0.000058
6.215625	15.500000	3.912291	0.000025
6.215625	16.500000	4.953817	0.000004
6.215625	17.500000	6.826987	0.000000
6.215625	18.500000	18.476597	0.000000
6.215625	19.500000	9999999.000000	0.000000

6.384375	-19.500000	9999999.000000	0.000000
6.384375	-18.500000	18.741929	0.000000
6.384375	-17.500000	6.338785	0.000000
6.384375	-16.500000	4.585333	0.000008
6.384375	-15.500000	3.577460	0.000044
6.384375	-14.500000	3.102343	0.000098
6.384375	-13.500000	3.066677	0.000104
6.384375	-12.500000	3.007179	0.000115
6.384375	-11.500000	2.972116	0.000122
6.384375	-10.500000	3.017826	0.000113
6.384375	-9.500000	3.086387	0.000101
6.384375	-8.500000	3.050084	0.000107
6.384375	-7.500000	3.119025	0.000095
6.384375	-6.500000	3.097702	0.000099
6.384375	-5.500000	3.110834	0.000096
6.384375	-4.500000	3.132760	0.000093
6.384375	-3.500000	3.180744	0.000086
6.384375	-2.500000	3.199799	0.000083
6.384375	-1.500000	3.176296	0.000086
6.384375	-0.500000	3.366287	0.000063
6.384375	0.500000	3.228662	0.000079
6.384375	1.500000	3.314869	0.000068
6.384375	2.500000	3.241662	0.000077
6.384375	3.500000	3.268498	0.000074
6.384375	4.500000	3.265289	0.000074
6.384375	5.500000	3.206032	0.000082
6.384375	6.500000	3.245138	0.000077
6.384375	7.500000	3.272023	0.000074
6.384375	8.500000	3.268873	0.000074
6.384375	9.500000	3.263149	0.000075
6.384375	10.500000	3.325067	0.000067
6.384375	11.500000	3.343135	0.000065
6.384375	12.500000	3.305191	0.000070
6.384375	13.500000	3.406738	0.000059
6.384375	14.500000	3.410001	0.000058
6.384375	15.500000	3.875126	0.000027
6.384375	16.500000	4.905851	0.000005
6.384375	17.500000	6.774218	0.000000
6.384375	18.500000	18.401087	0.000000
6.384375	19.500000	9999999.000000	0.000000

6.553125	-19.500000	9999999.000000	0.000000
6.553125	-18.500000	18.562490	0.000000
6.553125	-17.500000	6.346046	0.000000
6.553125	-16.500000	4.495153	0.000009
6.553125	-15.500000	3.529518	0.000048
6.553125	-14.500000	3.038688	0.000109
6.553125	-13.500000	2.971514	0.000122
6.553125	-12.500000	2.995786	0.000117
6.553125	-11.500000	2.993424	0.000118
6.553125	-10.500000	2.961766	0.000124
6.553125	-9.500000	3.030008	0.000111
6.553125	-8.500000	3.050172	0.000107
6.553125	-7.500000	3.018119	0.000113
6.553125	-6.500000	3.040984	0.000109
6.553125	-5.500000	3.121834	0.000095
6.553125	-4.500000	3.114030	0.000096
6.553125	-3.500000	3.160984	0.000089
6.553125	-2.500000	3.157529	0.000089
6.553125	-1.500000	3.227176	0.000079
6.553125	-0.500000	3.194068	0.000084
6.553125	0.500000	3.258962	0.000075
6.553125	1.500000	3.302884	0.000070
6.553125	2.500000	3.286127	0.000072
6.553125	3.500000	3.255822	0.000076
6.553125	4.500000	3.240779	0.000078
6.553125	5.500000	3.229243	0.000079
6.553125	6.500000	3.309332	0.000069
6.553125	7.500000	3.252349	0.000076
6.553125	8.500000	3.286486	0.000072
6.553125	9.500000	3.248717	0.000077
6.553125	10.500000	3.275779	0.000073
6.553125	11.500000	3.257060	0.000075
6.553125	12.500000	3.280421	0.000073
6.553125	13.500000	3.337644	0.000066
6.553125	14.500000	3.386858	0.000061
6.553125	15.500000	3.906083	0.000025
6.553125	16.500000	4.939409	0.000004
6.553125	17.500000	6.796283	0.000000
6.553125	18.500000	18.359405	0.000000
6.553125	19.500000	9999999.000000	0.000000

6.721875	-19.500000	9999999.000000	0.000000
6.721875	-18.500000	18.396748	0.000000
6.721875	-17.500000	6.396544	0.000000
6.721875	-16.500000	4.490671	0.000009
6.721875	-15.500000	3.477902	0.000052
6.721875	-14.500000	3.018166	0.000113
6.721875	-13.500000	3.027845	0.000111
6.721875	-12.500000	2.952414	0.000126
6.721875	-11.500000	2.955382	0.000125
6.721875	-10.500000	3.014322	0.000113
6.721875	-9.500000	2.942513	0.000128
6.721875	-8.500000	3.034715	0.000110
6.721875	-7.500000	3.058796	0.000105
6.721875	-6.500000	3.057703	0.000106
6.721875	-5.500000	3.075615	0.000102
6.721875	-4.500000	3.189409	0.000085
6.721875	-3.500000	3.202037	0.000083
6.721875	-2.500000	3.180805	0.000086
6.721875	-1.500000	3.223536	0.000080
6.721875	-0.500000	3.147342	0.000091
6.721875	0.500000	3.253103	0.000076
6.721875	1.500000	3.260907	0.000075
6.721875	2.500000	3.293683	0.000071
6.721875	3.500000	3.237707	0.000078
6.721875	4.500000	3.314277	0.000069
6.721875	5.500000	3.241378	0.000077
6.721875	6.500000	3.208060	0.000082
6.721875	7.500000	3.228418	0.000079
6.721875	8.500000	3.192015	0.000084
6.721875	9.500000	3.273003	0.000073
6.721875	10.500000	3.259645	0.000075
6.721875	11.500000	3.253917	0.000076
6.721875	12.500000	3.338254	0.000066
6.721875	13.500000	3.330865	0.000067
6.721875	14.500000	3.466992	0.000053
6.721875	15.500000	3.823653	0.000029
6.721875	16.500000	4.980363	0.000004
6.721875	17.500000	6.938110	0.000000
6.721875	18.500000	18.208379	0.000000
6.721875	19.500000	9999999.000000	0.000000

6.890625	-19.500000	9999999.000000	0.000000
6.890625	-18.500000	18.397394	0.000000
6.890625	-17.500000	6.497809	0.000000
6.890625	-16.500000	4.526777	0.000009
6.890625	-15.500000	3.451534	0.000054
6.890625	-14.500000	3.054405	0.000106
6.890625	-13.500000	2.977016	0.000121
6.890625	-12.500000	2.949665	0.000127
6.890625	-11.500000	3.054002	0.000106
6.890625	-10.500000	3.057299	0.000106
6.890625	-9.500000	3.039490	0.000109
6.890625	-8.500000	3.065939	0.000104
6.890625	-7.500000	3.003038	0.000116
6.890625	-6.500000	3.024559	0.000112
6.890625	-5.500000	3.086411	0.000101
6.890625	-4.500000	3.113853	0.000096
6.890625	-3.500000	3.133069	0.000093
6.890625	-2.500000	3.122918	0.000095
6.890625	-1.500000	3.143174	0.000091
6.890625	-0.500000	3.207832	0.000082
6.890625	0.500000	3.169180	0.000087
6.890625	1.500000	3.139858	0.000092
6.890625	2.500000	3.233513	0.000079
6.890625	3.500000	3.256272	0.000076
6.890625	4.500000	3.280428	0.000073
6.890625	5.500000	3.196612	0.000084
6.890625	6.500000	3.215336	0.000081
6.890625	7.500000	3.190500	0.000084
6.890625	8.500000	3.238601	0.000078
6.890625	9.500000	3.211042	0.000082
6.890625	10.500000	3.288535	0.000072
6.890625	11.500000	3.259927	0.000075
6.890625	12.500000	3.274604	0.000073
6.890625	13.500000	3.342032	0.000065
6.890625	14.500000	3.391577	0.000060
6.890625	15.500000	3.870829	0.000027
6.890625	16.500000	4.915245	0.000005
6.890625	17.500000	6.982825	0.000000
6.890625	18.500000	18.086294	0.000000
6.890625	19.500000	9999999.000000	0.000000

7.059375	-19.500000	9999999.000000	0.000000
7.059375	-18.500000	18.281127	0.000000
7.059375	-17.500000	6.492654	0.000000
7.059375	-16.500000	4.595867	0.000008
7.059375	-15.500000	3.515953	0.000049
7.059375	-14.500000	3.055876	0.000106
7.059375	-13.500000	3.061371	0.000105
7.059375	-12.500000	2.971636	0.000122
7.059375	-11.500000	3.013328	0.000114
7.059375	-10.500000	2.987253	0.000119
7.059375	-9.500000	3.000314	0.000116
7.059375	-8.500000	3.038089	0.000109
7.059375	-7.500000	3.100512	0.000098
7.059375	-6.500000	3.108238	0.000097
7.059375	-5.500000	3.135315	0.000093
7.059375	-4.500000	3.142058	0.000092
7.059375	-3.500000	3.187887	0.000085
7.059375	-2.500000	3.177120	0.000086
7.059375	-1.500000	3.140873	0.000092
7.059375	-0.500000	3.192880	0.000084
7.059375	0.500000	3.209314	0.000082
7.059375	1.500000	3.193560	0.000084
7.059375	2.500000	3.225919	0.000080
7.059375	3.500000	3.230962	0.000079
7.059375	4.500000	3.215792	0.000081
7.059375	5.500000	3.209444	0.000082
7.059375	6.500000	3.239861	0.000078
7.059375	7.500000	3.204503	0.000082
7.059375	8.500000	3.225060	0.000080
7.059375	9.500000	3.229459	0.000079
7.059375	10.500000	3.250513	0.000076
7.059375	11.500000	3.286931	0.000072
7.059375	12.500000	3.296989	0.000071
7.059375	13.500000	3.309815	0.000069
7.059375	14.500000	3.373063	0.000062
7.059375	15.500000	3.821094	0.000029
7.059375	16.500000	4.908019	0.000005
7.059375	17.500000	7.037156	0.000000
7.059375	18.500000	18.036262	0.000000
7.059375	19.500000	9999999.000000	0.000000

7.228125	-19.500000	9999999.000000	0.000000
7.228125	-18.500000	18.258481	0.000000
7.228125	-17.500000	6.529010	0.000000
7.228125	-16.500000	4.644534	0.000007
7.228125	-15.500000	3.595284	0.000043
7.228125	-14.500000	3.123512	0.000094
7.228125	-13.500000	2.984718	0.000119
7.228125	-12.500000	3.011403	0.000114
7.228125	-11.500000	2.967421	0.000123
7.228125	-10.500000	3.073900	0.000103
7.228125	-9.500000	3.072978	0.000103
7.228125	-8.500000	3.075034	0.000102
7.228125	-7.500000	3.148072	0.000091
7.228125	-6.500000	3.083996	0.000101
7.228125	-5.500000	3.105954	0.000097
7.228125	-4.500000	3.133230	0.000093
7.228125	-3.500000	3.100016	0.000098
7.228125	-2.500000	3.158107	0.000089
7.228125	-1.500000	3.212415	0.000081
7.228125	-0.500000	3.229849	0.000079
7.228125	0.500000	3.269471	0.000074
7.228125	1.500000	3.217256	0.000081
7.228125	2.500000	3.253702	0.000076
7.228125	3.500000	3.311373	0.000069
7.228125	4.500000	3.246318	0.000077
7.228125	5.500000	3.329750	0.000067
7.228125	6.500000	3.238237	0.000078
7.228125	7.500000	3.245546	0.000077
7.228125	8.500000	3.254036	0.000076
7.228125	9.500000	3.298172	0.000070
7.228125	10.500000	3.309952	0.000069
7.228125	11.500000	3.326394	0.000067
7.228125	12.500000	3.335578	0.000066
7.228125	13.500000	3.372495	0.000062
7.228125	14.500000	3.362419	0.000063
7.228125	15.500000	3.837401	0.000028
7.228125	16.500000	4.944912	0.000004
7.228125	17.500000	6.969459	0.000000
7.228125	18.500000	18.181335	0.000000
7.228125	19.500000	9999999.000000	0.000000

7.396875	-19.500000	9999999.000000	0.000000
7.396875	-18.500000	18.214023	0.000000
7.396875	-17.500000	6.565510	0.000000
7.396875	-16.500000	4.638786	0.000007
7.396875	-15.500000	3.608634	0.000042
7.396875	-14.500000	3.110602	0.000097
7.396875	-13.500000	3.066216	0.000104
7.396875	-12.500000	3.059481	0.000105
7.396875	-11.500000	3.108362	0.000097
7.396875	-10.500000	3.061423	0.000105
7.396875	-9.500000	3.021492	0.000112
7.396875	-8.500000	3.180730	0.000086
7.396875	-7.500000	3.069018	0.000104
7.396875	-6.500000	3.124307	0.000094
7.396875	-5.500000	3.183624	0.000085
7.396875	-4.500000	3.180988	0.000086
7.396875	-3.500000	3.182213	0.000086
7.396875	-2.500000	3.244706	0.000077
7.396875	-1.500000	3.231093	0.000079
7.396875	-0.500000	3.310666	0.000069
7.396875	0.500000	3.212301	0.000081
7.396875	1.500000	3.282546	0.000072
7.396875	2.500000	3.255112	0.000076
7.396875	3.500000	3.342022	0.000065
7.396875	4.500000	3.326474	0.000067
7.396875	5.500000	3.309332	0.000069
7.396875	6.500000	3.270870	0.000074
7.396875	7.500000	3.281840	0.000072
7.396875	8.500000	3.242591	0.000077
7.396875	9.500000	3.300417	0.000070
7.396875	10.500000	3.350845	0.000064
7.396875	11.500000	3.337548	0.000066
7.396875	12.500000	3.315753	0.000068
7.396875	13.500000	3.379023	0.000061
7.396875	14.500000	3.374759	0.000062
7.396875	15.500000	3.864302	0.000027
7.396875	16.500000	4.964743	0.000004
7.396875	17.500000	7.022155	0.000000
7.396875	18.500000	18.301190	0.000000
7.396875	19.500000	9999999.000000	0.000000

7.565625	-19.500000	9999999.000000	0.000000
7.565625	-18.500000	18.247673	0.000000
7.565625	-17.500000	6.648601	0.000000
7.565625	-16.500000	4.700216	0.000007
7.565625	-15.500000	3.635026	0.000040
7.565625	-14.500000	3.238692	0.000078
7.565625	-13.500000	3.083013	0.000101
7.565625	-12.500000	3.143785	0.000091
7.565625	-11.500000	3.208762	0.000082
7.565625	-10.500000	3.085240	0.000101
7.565625	-9.500000	3.109473	0.000097
7.565625	-8.500000	3.146714	0.000091
7.565625	-7.500000	3.112949	0.000096
7.565625	-6.500000	3.190370	0.000084
7.565625	-5.500000	3.186397	0.000085
7.565625	-4.500000	3.206964	0.000082
7.565625	-3.500000	3.299300	0.000070
7.565625	-2.500000	3.225218	0.000080
7.565625	-1.500000	3.295973	0.000071
7.565625	-0.500000	3.283914	0.000072
7.565625	0.500000	3.327005	0.000067
7.565625	1.500000	3.334311	0.000066
7.565625	2.500000	3.336673	0.000066
7.565625	3.500000	3.296851	0.000071
7.565625	4.500000	3.400459	0.000059
7.565625	5.500000	3.309345	0.000069
7.565625	6.500000	3.331866	0.000067
7.565625	7.500000	3.351749	0.000064
7.565625	8.500000	3.256074	0.000076
7.565625	9.500000	3.386583	0.000061
7.565625	10.500000	3.390263	0.000060
7.565625	11.500000	3.384699	0.000061
7.565625	12.500000	3.402370	0.000059
7.565625	13.500000	3.411078	0.000058
7.565625	14.500000	3.412991	0.000058
7.565625	15.500000	3.918686	0.000025
7.565625	16.500000	5.049675	0.000004
7.565625	17.500000	7.095875	0.000000
7.565625	18.500000	18.290634	0.000000
7.565625	19.500000	9999999.000000	0.000000

7.734375	-19.500000	9999999.000000	0.000000
7.734375	-18.500000	18.345584	0.000000
7.734375	-17.500000	6.664330	0.000000
7.734375	-16.500000	4.754795	0.000006
7.734375	-15.500000	3.646233	0.000039
7.734375	-14.500000	3.180892	0.000086
7.734375	-13.500000	3.168839	0.000088
7.734375	-12.500000	3.182386	0.000086
7.734375	-11.500000	3.176799	0.000086
7.734375	-10.500000	3.190667	0.000084
7.734375	-9.500000	3.098002	0.000099
7.734375	-8.500000	3.199450	0.000083
7.734375	-7.500000	3.173294	0.000087
7.734375	-6.500000	3.238874	0.000078
7.734375	-5.500000	3.285792	0.000072
7.734375	-4.500000	3.279049	0.000073
7.734375	-3.500000	3.218012	0.000081
7.734375	-2.500000	3.290173	0.000071
7.734375	-1.500000	3.361572	0.000063
7.734375	-0.500000	3.394265	0.000060
7.734375	0.500000	3.389128	0.000060
7.734375	1.500000	3.338470	0.000066
7.734375	2.500000	3.399093	0.000059
7.734375	3.500000	3.394406	0.000060
7.734375	4.500000	3.361745	0.000063
7.734375	5.500000	3.381510	0.000061
7.734375	6.500000	3.309790	0.000069
7.734375	7.500000	3.366056	0.000063
7.734375	8.500000	3.366812	0.000063
7.734375	9.500000	3.388793	0.000060
7.734375	10.500000	3.434725	0.000056
7.734375	11.500000	3.488126	0.000051
7.734375	12.500000	3.469805	0.000053
7.734375	13.500000	3.407282	0.000059
7.734375	14.500000	3.536046	0.000047
7.734375	15.500000	3.976034	0.000023
7.734375	16.500000	5.113391	0.000003
7.734375	17.500000	7.156916	0.000000
7.734375	18.500000	18.364130	0.000000
7.734375	19.500000	9999999.000000	0.000000

7.903125	-19.500000	9999999.000000	0.000000
7.903125	-18.500000	18.351998	0.000000
7.903125	-17.500000	6.709075	0.000000
7.903125	-16.500000	4.797780	0.000006
7.903125	-15.500000	3.683899	0.000037
7.903125	-14.500000	3.235310	0.000078
7.903125	-13.500000	3.196265	0.000084
7.903125	-12.500000	3.191583	0.000084
7.903125	-11.500000	3.201003	0.000083
7.903125	-10.500000	3.169493	0.000087
7.903125	-9.500000	3.227268	0.000079
7.903125	-8.500000	3.161040	0.000089
7.903125	-7.500000	3.221006	0.000080
7.903125	-6.500000	3.300727	0.000070
7.903125	-5.500000	3.269398	0.000074
7.903125	-4.500000	3.208537	0.000082
7.903125	-3.500000	3.241370	0.000077
7.903125	-2.500000	3.274880	0.000073
7.903125	-1.500000	3.409828	0.000058
7.903125	-0.500000	3.336726	0.000066
7.903125	0.500000	3.438713	0.000056
7.903125	1.500000	3.396491	0.000060
7.903125	2.500000	3.347687	0.000065
7.903125	3.500000	3.332576	0.000066
7.903125	4.500000	3.318667	0.000068
7.903125	5.500000	3.321468	0.000068
7.903125	6.500000	3.395101	0.000060
7.903125	7.500000	3.407972	0.000059
7.903125	8.500000	3.415479	0.000058
7.903125	9.500000	3.418731	0.000058
7.903125	10.500000	3.395568	0.000060
7.903125	11.500000	3.434097	0.000056
7.903125	12.500000	3.469987	0.000053
7.903125	13.500000	3.440440	0.000055
7.903125	14.500000	3.521682	0.000048
7.903125	15.500000	4.043951	0.000020
7.903125	16.500000	5.072164	0.000004
7.903125	17.500000	7.247065	0.000000
7.903125	18.500000	18.344827	0.000000
7.903125	19.500000	9999999.000000	0.000000

8.071875	-19.500000	9999999.000000	0.000000
8.071875	-18.500000	18.383167	0.000000
8.071875	-17.500000	6.652276	0.000000
8.071875	-16.500000	4.728004	0.000006
8.071875	-15.500000	3.671494	0.000038
8.071875	-14.500000	3.258351	0.000075
8.071875	-13.500000	3.228771	0.000079
8.071875	-12.500000	3.197139	0.000083
8.071875	-11.500000	3.265478	0.000074
8.071875	-10.500000	3.256978	0.000075
8.071875	-9.500000	3.246314	0.000077
8.071875	-8.500000	3.157449	0.000089
8.071875	-7.500000	3.200104	0.000083
8.071875	-6.500000	3.250057	0.000076
8.071875	-5.500000	3.258629	0.000075
8.071875	-4.500000	3.283198	0.000072
8.071875	-3.500000	3.250842	0.000076
8.071875	-2.500000	3.386796	0.000061
8.071875	-1.500000	3.357375	0.000064
8.071875	-0.500000	3.377845	0.000062
8.071875	0.500000	3.435466	0.000056
8.071875	1.500000	3.424348	0.000057
8.071875	2.500000	3.359994	0.000063
8.071875	3.500000	3.388209	0.000061
8.071875	4.500000	3.371262	0.000062
8.071875	5.500000	3.371863	0.000062
8.071875	6.500000	3.406323	0.000059
8.071875	7.500000	3.381886	0.000061
8.071875	8.500000	3.413922	0.000058
8.071875	9.500000	3.469015	0.000053
8.071875	10.500000	3.451729	0.000054
8.071875	11.500000	3.486804	0.000051
8.071875	12.500000	3.504770	0.000050
8.071875	13.500000	3.509703	0.000049
8.071875	14.500000	3.536526	0.000047
8.071875	15.500000	3.954961	0.000023
8.071875	16.500000	5.116855	0.000003
8.071875	17.500000	7.184696	0.000000
8.071875	18.500000	18.480681	0.000000
8.071875	19.500000	9999999.000000	0.000000

8.240625	-19.500000	9999999.000000	0.000000
8.240625	-18.500000	18.515495	0.000000
8.240625	-17.500000	6.673964	0.000000
8.240625	-16.500000	4.740391	0.000006
8.240625	-15.500000	3.725101	0.000034
8.240625	-14.500000	3.239739	0.000078
8.240625	-13.500000	3.221040	0.000080
8.240625	-12.500000	3.212321	0.000081
8.240625	-11.500000	3.257713	0.000075
8.240625	-10.500000	3.305224	0.000070
8.240625	-9.500000	3.243367	0.000077
8.240625	-8.500000	3.239228	0.000078
8.240625	-7.500000	3.272866	0.000073
8.240625	-6.500000	3.343927	0.000065
8.240625	-5.500000	3.277561	0.000073
8.240625	-4.500000	3.325483	0.000067
8.240625	-3.500000	3.279410	0.000073
8.240625	-2.500000	3.376893	0.000062
8.240625	-1.500000	3.411617	0.000058
8.240625	-0.500000	3.409139	0.000058
8.240625	0.500000	3.479503	0.000052
8.240625	1.500000	3.428507	0.000057
8.240625	2.500000	3.403285	0.000059
8.240625	3.500000	3.434192	0.000056
8.240625	4.500000	3.383036	0.000061
8.240625	5.500000	3.430556	0.000056
8.240625	6.500000	3.400215	0.000059
8.240625	7.500000	3.414211	0.000058
8.240625	8.500000	3.428325	0.000057
8.240625	9.500000	3.455469	0.000054
8.240625	10.500000	3.477828	0.000052
8.240625	11.500000	3.529680	0.000048
8.240625	12.500000	3.483623	0.000052
8.240625	13.500000	3.418219	0.000058
8.240625	14.500000	3.603788	0.000042
8.240625	15.500000	4.018353	0.000021
8.240625	16.500000	5.057900	0.000004
8.240625	17.500000	7.126166	0.000000
8.240625	18.500000	18.670622	0.000000
8.240625	19.500000	9999999.000000	0.000000

8.409375	-19.500000	9999999.000000	0.000000
8.409375	-18.500000	18.749447	0.000000
8.409375	-17.500000	6.568877	0.000000
8.409375	-16.500000	4.719247	0.000006
8.409375	-15.500000	3.706952	0.000035
8.409375	-14.500000	3.289526	0.000071
8.409375	-13.500000	3.246104	0.000077
8.409375	-12.500000	3.238153	0.000078
8.409375	-11.500000	3.245256	0.000077
8.409375	-10.500000	3.234790	0.000078
8.409375	-9.500000	3.250295	0.000076
8.409375	-8.500000	3.191783	0.000084
8.409375	-7.500000	3.282446	0.000072
8.409375	-6.500000	3.253989	0.000076
8.409375	-5.500000	3.296828	0.000071
8.409375	-4.500000	3.211681	0.000081
8.409375	-3.500000	3.243888	0.000077
8.409375	-2.500000	3.354105	0.000064
8.409375	-1.500000	3.387919	0.000061
8.409375	-0.500000	3.421917	0.000057
8.409375	0.500000	3.381022	0.000061
8.409375	1.500000	3.441773	0.000055
8.409375	2.500000	3.393062	0.000060
8.409375	3.500000	3.361083	0.000063
8.409375	4.500000	3.378567	0.000062
8.409375	5.500000	3.486059	0.000051
8.409375	6.500000	3.392274	0.000060
8.409375	7.500000	3.397702	0.000060
8.409375	8.500000	3.405337	0.000059
8.409375	9.500000	3.434456	0.000056
8.409375	10.500000	3.459054	0.000054
8.409375	11.500000	3.475299	0.000052
8.409375	12.500000	3.426109	0.000057
8.409375	13.500000	3.509337	0.000049
8.409375	14.500000	3.610156	0.000042
8.409375	15.500000	4.028502	0.000021
8.409375	16.500000	5.088550	0.000003
8.409375	17.500000	6.987657	0.000000
8.409375	18.500000	18.863818	0.000000
8.409375	19.500000	9999999.000000	0.000000

8.578125	-19.500000	9999999.000000	0.000000
8.578125	-18.500000	18.682979	0.000000
8.578125	-17.500000	6.580934	0.000000
8.578125	-16.500000	4.775877	0.000006
8.578125	-15.500000	3.673980	0.000037
8.578125	-14.500000	3.273747	0.000073
8.578125	-13.500000	3.283663	0.000072
8.578125	-12.500000	3.183255	0.000085
8.578125	-11.500000	3.238084	0.000078
8.578125	-10.500000	3.238304	0.000078
8.578125	-9.500000	3.244765	0.000077
8.578125	-8.500000	3.191648	0.000084
8.578125	-7.500000	3.189306	0.000085
8.578125	-6.500000	3.287048	0.000072
8.578125	-5.500000	3.266708	0.000074
8.578125	-4.500000	3.324483	0.000067
8.578125	-3.500000	3.226578	0.000079
8.578125	-2.500000	3.329537	0.000067
8.578125	-1.500000	3.399083	0.000059
8.578125	-0.500000	3.479183	0.000052
8.578125	0.500000	3.436172	0.000056
8.578125	1.500000	3.466764	0.000053
8.578125	2.500000	3.371038	0.000062
8.578125	3.500000	3.400890	0.000059
8.578125	4.500000	3.367959	0.000063
8.578125	5.500000	3.397244	0.000060
8.578125	6.500000	3.406528	0.000059
8.578125	7.500000	3.358929	0.000064
8.578125	8.500000	3.417544	0.000058
8.578125	9.500000	3.361425	0.000063
8.578125	10.500000	3.478071	0.000052
8.578125	11.500000	3.468773	0.000053
8.578125	12.500000	3.414042	0.000058
8.578125	13.500000	3.498261	0.000050
8.578125	14.500000	3.554698	0.000046
8.578125	15.500000	4.019360	0.000021
8.578125	16.500000	5.015144	0.000004
8.578125	17.500000	6.941624	0.000000
8.578125	18.500000	19.042658	0.000000
8.578125	19.500000	9999999.000000	0.000000

8.746875	-19.500000	9999999.000000	0.000000
8.746875	-18.500000	18.656589	0.000000
8.746875	-17.500000	6.490661	0.000000
8.746875	-16.500000	4.794301	0.000006
8.746875	-15.500000	3.646464	0.000039
8.746875	-14.500000	3.186205	0.000085
8.746875	-13.500000	3.113429	0.000096
8.746875	-12.500000	3.260229	0.000075
8.746875	-11.500000	3.188605	0.000085
8.746875	-10.500000	3.248882	0.000077
8.746875	-9.500000	3.206463	0.000082
8.746875	-8.500000	3.196741	0.000084
8.746875	-7.500000	3.304788	0.000070
8.746875	-6.500000	3.287285	0.000072
8.746875	-5.500000	3.189257	0.000085
8.746875	-4.500000	3.348417	0.000065
8.746875	-3.500000	3.259237	0.000075
8.746875	-2.500000	3.282443	0.000072
8.746875	-1.500000	3.438036	0.000056
8.746875	-0.500000	3.424552	0.000057
8.746875	0.500000	3.462245	0.000053
8.746875	1.500000	3.390637	0.000060
8.746875	2.500000	3.426021	0.000057
8.746875	3.500000	3.406199	0.000059
8.746875	4.500000	3.385853	0.000061
8.746875	5.500000	3.434082	0.000056
8.746875	6.500000	3.434409	0.000056
8.746875	7.500000	3.349977	0.000065
8.746875	8.500000	3.407572	0.000059
8.746875	9.500000	3.437134	0.000056
8.746875	10.500000	3.419946	0.000057
8.746875	11.500000	3.436293	0.000056
8.746875	12.500000	3.433691	0.000056
8.746875	13.500000	3.531294	0.000048
8.746875	14.500000	3.657365	0.000039
8.746875	15.500000	4.047809	0.000020
8.746875	16.500000	5.006414	0.000004
8.746875	17.500000	6.870874	0.000000
8.746875	18.500000	19.040943	0.000000
8.746875	19.500000	9999999.000000	0.000000

8.915625	-19.500000	9999999.000000	0.000000
8.915625	-18.500000	18.687038	0.000000
8.915625	-17.500000	6.583217	0.000000
8.915625	-16.500000	4.784175	0.000006
8.915625	-15.500000	3.622262	0.000041
8.915625	-14.500000	3.227905	0.000079
8.915625	-13.500000	3.267499	0.000074
8.915625	-12.500000	3.170972	0.000087
8.915625	-11.500000	3.140119	0.000092
8.915625	-10.500000	3.114928	0.000096
8.915625	-9.500000	3.147288	0.000091
8.915625	-8.500000	3.157851	0.000089
8.915625	-7.500000	3.190282	0.000084
8.915625	-6.500000	3.209469	0.000082
8.915625	-5.500000	3.195625	0.000084
8.915625	-4.500000	3.298113	0.000070
8.915625	-3.500000	3.270572	0.000074
8.915625	-2.500000	3.288856	0.000072
8.915625	-1.500000	3.335368	0.000066
8.915625	-0.500000	3.444575	0.000055
8.915625	0.500000	3.424015	0.000057
8.915625	1.500000	3.409280	0.000058
8.915625	2.500000	3.383450	0.000061
8.915625	3.500000	3.330606	0.000067
8.915625	4.500000	3.330240	0.000067
8.915625	5.500000	3.383099	0.000061
8.915625	6.500000	3.349556	0.000065
8.915625	7.500000	3.347969	0.000065
8.915625	8.500000	3.342564	0.000065
8.915625	9.500000	3.356854	0.000064
8.915625	10.500000	3.445427	0.000055
8.915625	11.500000	3.423365	0.000057
8.915625	12.500000	3.421532	0.000057
8.915625	13.500000	3.419464	0.000057
8.915625	14.500000	3.546754	0.000046
8.915625	15.500000	4.001064	0.000022
8.915625	16.500000	4.990622	0.000004
8.915625	17.500000	6.881840	0.000000
8.915625	18.500000	19.001105	0.000000
8.915625	19.500000	9999999.000000	0.000000

