#X		Y		Free		Pro
2.334375	-19.500000	9999999.000000	0.000000
2.334375	-18.500000	9999999.000000	0.000000
2.334375	-17.500000	9999999.000000	0.000000
2.334375	-16.500000	9999999.000000	0.000000
2.334375	-15.500000	9999999.000000	0.000000
2.334375	-14.500000	9999999.000000	0.000000
2.334375	-13.500000	9999999.000000	0.000000
2.334375	-12.500000	9999999.000000	0.000000
2.334375	-11.500000	9999999.000000	0.000000
2.334375	-10.500000	9999999.000000	0.000000
2.334375	-9.500000	9999999.000000	0.000000
2.334375	-8.500000	9999999.000000	0.000000
2.334375	-7.500000	9999999.000000	0.000000
2.334375	-6.500000	9999999.000000	0.000000
2.334375	-5.500000	9999999.000000	0.000000
2.334375	-4.500000	9999999.000000	0.000000
2.334375	-3.500000	9999999.000000	0.000000
2.334375	-2.500000	9999999.000000	0.000000
2.334375	-1.500000	9999999.000000	0.000000
2.334375	-0.500000	9999999.000000	0.000000
2.334375	0.500000	9999999.000000	0.000000
2.334375	1.500000	9999999.000000	0.000000
2.334375	2.500000	9999999.000000	0.000000
2.334375	3.500000	9999999.000000	0.000000
2.334375	4.500000	9999999.000000	0.000000
2.334375	5.500000	9999999.000000	0.000000
2.334375	6.500000	9999999.000000	0.000000
2.334375	7.500000	9999999.000000	0.000000
2.334375	8.500000	9999999.000000	0.000000
2.334375	9.500000	9999999.000000	0.000000
2.334375	10.500000	9999999.000000	0.000000
2.334375	11.500000	9999999.000000	0.000000
2.334375	12.500000	9999999.000000	0.000000
2.334375	13.500000	9999999.000000	0.000000
2.334375	14.500000	9999999.000000	0.000000
2.334375	15.500000	9999999.000000	0.000000
2.334375	16.500000	9999999.000000	0.000000
2.334375	17.500000	9999999.000000	0.000000
2.334375	18.500000	9999999.000000	0.000000
2.334375	19.500000	9999999.000000	0.000000

2.503125	-19.500000	9999999.000000	0.000000
2.503125	-18.500000	9999999.000000	0.000000
2.503125	-17.500000	13.682416	0.000000
2.503125	-16.500000	9.159133	0.000000
2.503125	-15.500000	5.652761	0.000001
2.503125	-14.500000	4.077348	0.000016
2.503125	-13.500000	3.852816	0.000024
2.503125	-12.500000	3.925131	0.000021
2.503125	-11.500000	3.738344	0.000029
2.503125	-10.500000	3.814327	0.000026
2.503125	-9.500000	3.753449	0.000028
2.503125	-8.500000	3.935325	0.000021
2.503125	-7.500000	3.670267	0.000033
2.503125	-6.500000	3.631958	0.000035
2.503125	-5.500000	3.786669	0.000027
2.503125	-4.500000	3.884801	0.000023
2.503125	-3.500000	3.827108	0.000025
2.503125	-2.500000	4.069968	0.000017
2.503125	-1.500000	3.798168	0.000026
2.503125	-0.500000	3.635996	0.000034
2.503125	0.500000	3.629540	0.000035
2.503125	1.500000	3.739103	0.000029
2.503125	2.500000	3.878527	0.000023
2.503125	3.500000	3.717421	0.000030
2.503125	4.500000	3.700660	0.000031
2.503125	5.500000	3.670594	0.000033
2.503125	6.500000	3.741103	0.000029
2.503125	7.500000	3.723825	0.000030
2.503125	8.500000	3.719454	0.000030
2.503125	9.500000	3.596557	0.000037
2.503125	10.500000	3.690799	0.000031
2.503125	11.500000	3.710037	0.000030
2.503125	12.500000	3.458958	0.000046
2.503125	13.500000	3.558917	0.000039
2.503125	14.500000	4.066093	0.000017
2.503125	15.500000	5.604386	0.000001
2.503125	16.500000	9.013172	0.000000
2.503125	17.500000	13.570536	0.000000
2.503125	18.500000	9999999.000000	0.000000
2.503125	19.500000	9999999.000000	0.000000

2.671875	-19.500000	9999999.000000	0.000000
2.671875	-18.500000	9999999.000000	0.000000
2.671875	-17.500000	10.954647	0.000000
2.671875	-16.500000	6.094196	0.000001
2.671875	-15.500000	2.424771	0.000264
2.671875	-14.500000	0.858066	0.003678
2.671875	-13.500000	0.541003	0.006268
2.671875	-12.500000	0.559265	0.006079
2.671875	-11.500000	0.544654	0.006230
2.671875	-10.500000	0.555265	0.006120
2.671875	-9.500000	0.558684	0.006085
2.671875	-8.500000	0.570852	0.005961
2.671875	-7.500000	0.559659	0.006075
2.671875	-6.500000	0.632746	0.005372
2.671875	-5.500000	0.625380	0.005439
2.671875	-4.500000	0.637402	0.005330
2.671875	-3.500000	0.634933	0.005353
2.671875	-2.500000	0.640910	0.005299
2.671875	-1.500000	0.607148	0.005609
2.671875	-0.500000	0.557252	0.006099
2.671875	0.500000	0.617246	0.005514
2.671875	1.500000	0.603198	0.005646
2.671875	2.500000	0.607443	0.005606
2.671875	3.500000	0.614588	0.005539
2.671875	4.500000	0.599314	0.005683
2.671875	5.500000	0.562820	0.006042
2.671875	6.500000	0.561802	0.006053
2.671875	7.500000	0.544530	0.006231
2.671875	8.500000	0.537262	0.006308
2.671875	9.500000	0.525492	0.006434
2.671875	10.500000	0.481216	0.006931
2.671875	11.500000	0.439463	0.007435
2.671875	12.500000	0.463414	0.007141
2.671875	13.500000	0.404729	0.007882
2.671875	14.500000	0.771924	0.004252
2.671875	15.500000	2.322662	0.000314
2.671875	16.500000	5.992215	0.000001
2.671875	17.500000	10.888662	0.000000
2.671875	18.500000	9999999.000000	0.000000
2.671875	19.500000	9999999.000000	0.000000

2.840625	-19.500000	9999999.000000	0.000000
2.840625	-18.500000	9999999.000000	0.000000
2.840625	-17.500000	10.912675	0.000000
2.840625	-16.500000	5.796051	0.000001
2.840625	-15.500000	2.022953	0.000519
2.840625	-14.500000	0.447486	0.007335
2.840625	-13.500000	0.151868	0.012057
2.840625	-12.500000	0.154126	0.012011
2.840625	-11.500000	0.101182	0.013129
2.840625	-10.500000	0.110506	0.012925
2.840625	-9.500000	0.137821	0.012345
2.840625	-8.500000	0.149243	0.012110
2.840625	-7.500000	0.141608	0.012266
2.840625	-6.500000	0.154563	0.012002
2.840625	-5.500000	0.197952	0.011158
2.840625	-4.500000	0.236402	0.010460
2.840625	-3.500000	0.190171	0.011305
2.840625	-2.500000	0.202898	0.011066
2.840625	-1.500000	0.171739	0.011661
2.840625	-0.500000	0.169851	0.011698
2.840625	0.500000	0.195389	0.011206
2.840625	1.500000	0.193330	0.011245
2.840625	2.500000	0.211489	0.010907
2.840625	3.500000	0.210064	0.010933
2.840625	4.500000	0.193132	0.011249
2.840625	5.500000	0.148746	0.012120
2.840625	6.500000	0.163341	0.011826
2.840625	7.500000	0.115082	0.012826
2.840625	8.500000	0.142736	0.012243
2.840625	9.500000	0.113379	0.012863
2.840625	10.500000	0.049956	0.014310
2.840625	11.500000	0.011183	0.015273
2.840625	12.500000	0.033737	0.014705
2.840625	13.500000	0.000000	0.015563
2.840625	14.500000	0.363483	0.008448
2.840625	15.500000	1.927160	0.000610
2.840625	16.500000	5.665491	0.000001
2.840625	17.500000	10.852161	0.000000
2.840625	18.500000	9999999.000000	0.000000
2.840625	19.500000	9999999.000000	0.000000

3.009375	-19.500000	9999999.000000	0.000000
3.009375	-18.500000	9999999.000000	0.000000
3.009375	-17.500000	11.811856	0.000000
3.009375	-16.500000	6.458885	0.000000
3.009375	-15.500000	2.643929	0.000183
3.009375	-14.500000	1.070535	0.002574
3.009375	-13.500000	0.761156	0.004329
3.009375	-12.500000	0.765162	0.004300
3.009375	-11.500000	0.757947	0.004353
3.009375	-10.500000	0.732367	0.004544
3.009375	-9.500000	0.736534	0.004512
3.009375	-8.500000	0.804771	0.004023
3.009375	-7.500000	0.761011	0.004330
3.009375	-6.500000	0.762725	0.004318
3.009375	-5.500000	0.813416	0.003965
3.009375	-4.500000	0.848054	0.003741
3.009375	-3.500000	0.832872	0.003838
3.009375	-2.500000	0.822805	0.003903
3.009375	-1.500000	0.830486	0.003853
3.009375	-0.500000	0.773596	0.004240
3.009375	0.500000	0.836516	0.003814
3.009375	1.500000	0.823621	0.003898
3.009375	2.500000	0.832219	0.003842
3.009375	3.500000	0.856926	0.003685
3.009375	4.500000	0.785568	0.004155
3.009375	5.500000	0.769868	0.004266
3.009375	6.500000	0.770431	0.004262
3.009375	7.500000	0.792299	0.004108
3.009375	8.500000	0.808432	0.003999
3.009375	9.500000	0.750794	0.004405
3.009375	10.500000	0.700482	0.004794
3.009375	11.500000	0.618988	0.005498
3.009375	12.500000	0.644252	0.005269
3.009375	13.500000	0.620989	0.005480
3.009375	14.500000	0.985277	0.002970
3.009375	15.500000	2.602284	0.000196
3.009375	16.500000	6.344248	0.000000
3.009375	17.500000	11.661862	0.000000
3.009375	18.500000	9999999.000000	0.000000
3.009375	19.500000	9999999.000000	0.000000

3.178125	-19.500000	9999999.000000	0.000000
3.178125	-18.500000	9999999.000000	0.000000
3.178125	-17.500000	12.681025	0.000000
3.178125	-16.500000	7.172342	0.000000
3.178125	-15.500000	3.361116	0.000055
3.178125	-14.500000	1.701284	0.000891
3.178125	-13.500000	1.456381	0.001345
3.178125	-12.500000	1.394711	0.001492
3.178125	-11.500000	1.381749	0.001525
3.178125	-10.500000	1.403226	0.001471
3.178125	-9.500000	1.419185	0.001432
3.178125	-8.500000	1.426891	0.001414
3.178125	-7.500000	1.470586	0.001314
3.178125	-6.500000	1.441769	0.001379
3.178125	-5.500000	1.544235	0.001161
3.178125	-4.500000	1.536886	0.001175
3.178125	-3.500000	1.542038	0.001165
3.178125	-2.500000	1.509573	0.001230
3.178125	-1.500000	1.530996	0.001187
3.178125	-0.500000	1.458461	0.001341
3.178125	0.500000	1.457070	0.001344
3.178125	1.500000	1.488323	0.001275
3.178125	2.500000	1.546340	0.001157
3.178125	3.500000	1.524122	0.001201
3.178125	4.500000	1.466889	0.001322
3.178125	5.500000	1.430645	0.001405
3.178125	6.500000	1.457756	0.001342
3.178125	7.500000	1.473978	0.001306
3.178125	8.500000	1.465096	0.001326
3.178125	9.500000	1.469193	0.001317
3.178125	10.500000	1.389830	0.001505
3.178125	11.500000	1.294808	0.001765
3.178125	12.500000	1.298459	0.001754
3.178125	13.500000	1.305803	0.001733
3.178125	14.500000	1.651202	0.000970
3.178125	15.500000	3.278337	0.000063
3.178125	16.500000	7.068713	0.000000
3.178125	17.500000	12.572952	0.000000
3.178125	18.500000	9999999.000000	0.000000
3.178125	19.500000	9999999.000000	0.000000

3.346875	-19.500000	9999999.000000	0.000000
3.346875	-18.500000	9999999.000000	0.000000
3.346875	-17.500000	13.390952	0.000000
3.346875	-16.500000	7.847294	0.000000
3.346875	-15.500000	3.936523	0.000021
3.346875	-14.500000	2.186300	0.000394
3.346875	-13.500000	1.939837	0.000597
3.346875	-12.500000	1.917816	0.000619
3.346875	-11.500000	1.839608	0.000706
3.346875	-10.500000	1.857394	0.000686
3.346875	-9.500000	1.933341	0.000603
3.346875	-8.500000	1.912269	0.000625
3.346875	-7.500000	1.935704	0.000601
3.346875	-6.500000	1.915948	0.000621
3.346875	-5.500000	1.963775	0.000573
3.346875	-4.500000	2.022259	0.000520
3.346875	-3.500000	2.010458	0.000530
3.346875	-2.500000	1.960800	0.000576
3.346875	-1.500000	1.960275	0.000577
3.346875	-0.500000	1.966023	0.000571
3.346875	0.500000	1.977632	0.000560
3.346875	1.500000	2.077169	0.000474
3.346875	2.500000	2.064816	0.000484
3.346875	3.500000	2.015820	0.000525
3.346875	4.500000	1.989673	0.000549
3.346875	5.500000	1.902972	0.000635
3.346875	6.500000	1.879006	0.000661
3.346875	7.500000	1.994017	0.000545
3.346875	8.500000	1.914008	0.000623
3.346875	9.500000	1.931774	0.000605
3.346875	10.500000	1.861169	0.000681
3.346875	11.500000	1.866154	0.000676
3.346875	12.500000	1.802138	0.000752
3.346875	13.500000	1.806710	0.000747
3.346875	14.500000	2.096418	0.000459
3.346875	15.500000	3.839851	0.000024
3.346875	16.500000	7.728572	0.000000
3.346875	17.500000	13.303800	0.000000
3.346875	18.500000	9999999.000000	0.000000
3.346875	19.500000	9999999.000000	0.000000

3.515625	-19.500000	9999999.000000	0.000000
3.515625	-18.500000	9999999.000000	0.000000
3.515625	-17.500000	13.841039	0.000000
3.515625	-16.500000	8.287510	0.000000
3.515625	-15.500000	4.288827	0.000012
3.515625	-14.500000	2.490158	0.000237
3.515625	-13.500000	2.216286	0.000375
3.515625	-12.500000	2.147501	0.000421
3.515625	-11.500000	2.042075	0.000503
3.515625	-10.500000	2.165285	0.000409
3.515625	-9.500000	2.191624	0.000391
3.515625	-8.500000	2.170422	0.000405
3.515625	-7.500000	2.243254	0.000358
3.515625	-6.500000	2.177318	0.000400
3.515625	-5.500000	2.304900	0.000323
3.515625	-4.500000	2.304209	0.000324
3.515625	-3.500000	2.238491	0.000361
3.515625	-2.500000	2.256969	0.000350
3.515625	-1.500000	2.194184	0.000389
3.515625	-0.500000	2.280964	0.000336
3.515625	0.500000	2.234035	0.000364
3.515625	1.500000	2.319591	0.000315
3.515625	2.500000	2.369306	0.000290
3.515625	3.500000	2.347434	0.000301
3.515625	4.500000	2.251791	0.000353
3.515625	5.500000	2.210681	0.000379
3.515625	6.500000	2.144807	0.000423
3.515625	7.500000	2.222774	0.000371
3.515625	8.500000	2.227387	0.000368
3.515625	9.500000	2.225829	0.000369
3.515625	10.500000	2.093987	0.000461
3.515625	11.500000	2.042690	0.000502
3.515625	12.500000	2.078605	0.000473
3.515625	13.500000	2.034250	0.000509
3.515625	14.500000	2.310488	0.000320
3.515625	15.500000	4.207598	0.000013
3.515625	16.500000	8.180260	0.000000
3.515625	17.500000	13.712684	0.000000
3.515625	18.500000	9999999.000000	0.000000
3.515625	19.500000	9999999.000000	0.000000

3.684375	-19.500000	9999999.000000	0.000000
3.684375	-18.500000	9999999.000000	0.000000
3.684375	-17.500000	13.990513	0.000000
3.684375	-16.500000	8.564713	0.000000
3.684375	-15.500000	4.466722	0.000009
3.684375	-14.500000	2.571183	0.000207
3.684375	-13.500000	2.255792	0.000351
3.684375	-12.500000	2.223529	0.000371
3.684375	-11.500000	2.119335	0.000441
3.684375	-10.500000	2.238680	0.000361
3.684375	-9.500000	2.342448	0.000303
3.684375	-8.500000	2.281084	0.000336
3.684375	-7.500000	2.299993	0.000326
3.684375	-6.500000	2.267627	0.000344
3.684375	-5.500000	2.361453	0.000294
3.684375	-4.500000	2.390665	0.000280
3.684375	-3.500000	2.325093	0.000312
3.684375	-2.500000	2.296386	0.000328
3.684375	-1.500000	2.416489	0.000268
3.684375	-0.500000	2.358544	0.000295
3.684375	0.500000	2.388161	0.000281
3.684375	1.500000	2.390478	0.000280
3.684375	2.500000	2.354903	0.000297
3.684375	3.500000	2.413377	0.000269
3.684375	4.500000	2.347336	0.000301
3.684375	5.500000	2.197273	0.000387
3.684375	6.500000	2.288078	0.000332
3.684375	7.500000	2.231115	0.000366
3.684375	8.500000	2.254478	0.000352
3.684375	9.500000	2.302684	0.000324
3.684375	10.500000	2.157207	0.000414
3.684375	11.500000	2.157472	0.000414
3.684375	12.500000	2.094436	0.000460
3.684375	13.500000	2.114970	0.000445
3.684375	14.500000	2.557630	0.000211
3.684375	15.500000	4.369893	0.000010
3.684375	16.500000	8.404482	0.000000
3.684375	17.500000	13.906711	0.000000
3.684375	18.500000	9999999.000000	0.000000
3.684375	19.500000	9999999.000000	0.000000

3.853125	-19.500000	9999999.000000	0.000000
3.853125	-18.500000	9999999.000000	0.000000
3.853125	-17.500000	13.998287	0.000000
3.853125	-16.500000	8.543571	0.000000
3.853125	-15.500000	4.456353	0.000009
3.853125	-14.500000	2.484129	0.000239
3.853125	-13.500000	2.136543	0.000429
3.853125	-12.500000	2.085708	0.000467
3.853125	-11.500000	2.073298	0.000477
3.853125	-10.500000	2.087104	0.000466
3.853125	-9.500000	2.136311	0.000429
3.853125	-8.500000	2.178179	0.000400
3.853125	-7.500000	2.265220	0.000345
3.853125	-6.500000	2.206054	0.000382
3.853125	-5.500000	2.173174	0.000403
3.853125	-4.500000	2.260359	0.000348
3.853125	-3.500000	2.191320	0.000391
3.853125	-2.500000	2.173863	0.000403
3.853125	-1.500000	2.271527	0.000342
3.853125	-0.500000	2.263664	0.000346
3.853125	0.500000	2.250228	0.000354
3.853125	1.500000	2.282888	0.000335
3.853125	2.500000	2.366925	0.000291
3.853125	3.500000	2.245279	0.000357
3.853125	4.500000	2.252163	0.000353
3.853125	5.500000	2.129835	0.000434
3.853125	6.500000	2.177293	0.000400
3.853125	7.500000	2.156011	0.000415
3.853125	8.500000	2.201748	0.000384
3.853125	9.500000	2.149532	0.000420
3.853125	10.500000	2.147069	0.000421
3.853125	11.500000	1.980205	0.000558
3.853125	12.500000	2.016581	0.000525
3.853125	13.500000	2.090963	0.000463
3.853125	14.500000	2.318759	0.000316
3.853125	15.500000	4.346939	0.000010
3.853125	16.500000	8.506356	0.000000
3.853125	17.500000	13.890149	0.000000
3.853125	18.500000	9999999.000000	0.000000
3.853125	19.500000	9999999.000000	0.000000

4.021875	-19.500000	9999999.000000	0.000000
4.021875	-18.500000	9999999.000000	0.000000
4.021875	-17.500000	14.013988	0.000000
4.021875	-16.500000	8.653997	0.000000
4.021875	-15.500000	4.456708	0.000009
4.021875	-14.500000	2.230034	0.000366
4.021875	-13.500000	1.922805	0.000614
4.021875	-12.500000	1.912104	0.000625
4.021875	-11.500000	1.874194	0.000667
4.021875	-10.500000	1.904684	0.000633
4.021875	-9.500000	1.993384	0.000546
4.021875	-8.500000	2.006794	0.000533
4.021875	-7.500000	2.021297	0.000521
4.021875	-6.500000	1.968377	0.000569
4.021875	-5.500000	2.020084	0.000522
4.021875	-4.500000	2.121808	0.000440
4.021875	-3.500000	2.079236	0.000472
4.021875	-2.500000	2.046993	0.000499
4.021875	-1.500000	2.140290	0.000426
4.021875	-0.500000	2.143962	0.000424
4.021875	0.500000	2.122157	0.000439
4.021875	1.500000	2.096661	0.000459
4.021875	2.500000	2.102846	0.000454
4.021875	3.500000	2.104315	0.000453
4.021875	4.500000	2.019046	0.000522
4.021875	5.500000	1.995913	0.000543
4.021875	6.500000	1.996615	0.000543
4.021875	7.500000	1.979859	0.000558
4.021875	8.500000	2.031192	0.000512
4.021875	9.500000	1.983718	0.000554
4.021875	10.500000	1.914314	0.000623
4.021875	11.500000	1.826071	0.000723
4.021875	12.500000	1.840417	0.000705
4.021875	13.500000	1.864401	0.000678
4.021875	14.500000	2.167911	0.000407
4.021875	15.500000	4.327317	0.000011
4.021875	16.500000	8.539764	0.000000
4.021875	17.500000	13.936626	0.000000
4.021875	18.500000	9999999.000000	0.000000
4.021875	19.500000	9999999.000000	0.000000

4.190625	-19.500000	9999999.000000	0.000000
4.190625	-18.500000	9999999.000000	0.000000
4.190625	-17.500000	14.075991	0.000000
4.190625	-16.500000	8.700111	0.000000
4.190625	-15.500000	4.405830	0.000009
4.190625	-14.500000	2.143363	0.000424
4.190625	-13.500000	1.801686	0.000753
4.190625	-12.500000	1.803324	0.000751
4.190625	-11.500000	1.734938	0.000842
4.190625	-10.500000	1.794937	0.000762
4.190625	-9.500000	1.799665	0.000756
4.190625	-8.500000	1.894313	0.000644
4.190625	-7.500000	1.923066	0.000614
4.190625	-6.500000	1.881288	0.000659
4.190625	-5.500000	1.868345	0.000673
4.190625	-4.500000	1.960190	0.000577
4.190625	-3.500000	1.964234	0.000573
4.190625	-2.500000	1.943653	0.000593
4.190625	-1.500000	1.965175	0.000572
4.190625	-0.500000	1.956512	0.000580
4.190625	0.500000	1.940241	0.000597
4.190625	1.500000	1.966463	0.000571
4.190625	2.500000	2.017926	0.000523
4.190625	3.500000	1.944540	0.000592
4.190625	4.500000	1.913067	0.000624
4.190625	5.500000	1.892436	0.000646
4.190625	6.500000	1.876666	0.000664
4.190625	7.500000	1.859038	0.000684
4.190625	8.500000	1.883634	0.000656
4.190625	9.500000	1.875127	0.000666
4.190625	10.500000	1.812671	0.000739
4.190625	11.500000	1.726196	0.000855
4.190625	12.500000	1.704778	0.000886
4.190625	13.500000	1.703735	0.000888
4.190625	14.500000	2.061313	0.000487
4.190625	15.500000	4.366937	0.000010
4.190625	16.500000	8.622190	0.000000
4.190625	17.500000	14.024846	0.000000
4.190625	18.500000	9999999.000000	0.000000
4.190625	19.500000	9999999.000000	0.000000

4.359375	-19.500000	9999999.000000	0.000000
4.359375	-18.500000	9999999.000000	0.000000
4.359375	-17.500000	14.277240	0.000000
4.359375	-16.500000	8.747236	0.000000
4.359375	-15.500000	4.481933	0.000008
4.359375	-14.500000	2.061965	0.000486
4.359375	-13.500000	1.682069	0.000921
4.359375	-12.500000	1.696707	0.000898
4.359375	-11.500000	1.629488	0.001006
4.359375	-10.500000	1.678105	0.000927
4.359375	-9.500000	1.706524	0.000884
4.359375	-8.500000	1.815908	0.000735
4.359375	-7.500000	1.801247	0.000754
4.359375	-6.500000	1.846174	0.000699
4.359375	-5.500000	1.798189	0.000757
4.359375	-4.500000	1.848208	0.000696
4.359375	-3.500000	1.844969	0.000700
4.359375	-2.500000	1.838918	0.000707
4.359375	-1.500000	1.881988	0.000658
4.359375	-0.500000	1.901198	0.000637
4.359375	0.500000	1.921723	0.000615
4.359375	1.500000	1.891590	0.000647
4.359375	2.500000	1.886119	0.000653
4.359375	3.500000	1.931913	0.000605
4.359375	4.500000	1.865194	0.000677
4.359375	5.500000	1.785881	0.000773
4.359375	6.500000	1.813383	0.000738
4.359375	7.500000	1.812473	0.000739
4.359375	8.500000	1.803985	0.000750
4.359375	9.500000	1.739917	0.000835
4.359375	10.500000	1.655398	0.000963
4.359375	11.500000	1.604514	0.001049
4.359375	12.500000	1.625365	0.001013
4.359375	13.500000	1.643305	0.000983
4.359375	14.500000	1.953395	0.000583
4.359375	15.500000	4.402673	0.000010
4.359375	16.500000	8.685765	0.000000
4.359375	17.500000	14.214080	0.000000
4.359375	18.500000	9999999.000000	0.000000
4.359375	19.500000	9999999.000000	0.000000

4.528125	-19.500000	9999999.000000	0.000000
4.528125	-18.500000	9999999.000000	0.000000
4.528125	-17.500000	14.541813	0.000000
4.528125	-16.500000	8.905435	0.000000
4.528125	-15.500000	4.532645	0.000008
4.528125	-14.500000	2.042875	0.000502
4.528125	-13.500000	1.675508	0.000931
4.528125	-12.500000	1.642383	0.000984
4.528125	-11.500000	1.610560	0.001038
4.528125	-10.500000	1.624111	0.001015
4.528125	-9.500000	1.678298	0.000927
4.528125	-8.500000	1.702412	0.000890
4.528125	-7.500000	1.809184	0.000744
4.528125	-6.500000	1.780292	0.000781
4.528125	-5.500000	1.777187	0.000785
4.528125	-4.500000	1.881549	0.000658
4.528125	-3.500000	1.832330	0.000715
4.528125	-2.500000	1.798067	0.000758
4.528125	-1.500000	1.834644	0.000712
4.528125	-0.500000	1.817181	0.000734
4.528125	0.500000	1.880881	0.000659
4.528125	1.500000	1.888357	0.000651
4.528125	2.500000	1.869330	0.000672
4.528125	3.500000	1.898341	0.000640
4.528125	4.500000	1.738667	0.000837
4.528125	5.500000	1.788235	0.000770
4.528125	6.500000	1.772986	0.000790
4.528125	7.500000	1.764782	0.000801
4.528125	8.500000	1.778174	0.000783
4.528125	9.500000	1.673191	0.000934
4.528125	10.500000	1.663731	0.000949
4.528125	11.500000	1.626661	0.001011
4.528125	12.500000	1.578978	0.001095
4.528125	13.500000	1.598617	0.001059
4.528125	14.500000	1.932410	0.000604
4.528125	15.500000	4.456374	0.000009
4.528125	16.500000	8.814647	0.000000
4.528125	17.500000	14.462919	0.000000
4.528125	18.500000	9999999.000000	0.000000
4.528125	19.500000	9999999.000000	0.000000

4.696875	-19.500000	9999999.000000	0.000000
4.696875	-18.500000	9999999.000000	0.000000
4.696875	-17.500000	14.810174	0.000000
4.696875	-16.500000	9.066258	0.000000
4.696875	-15.500000	4.671608	0.000006
4.696875	-14.500000	2.101928	0.000455
4.696875	-13.500000	1.696742	0.000898
4.696875	-12.500000	1.659077	0.000957
4.696875	-11.500000	1.703016	0.000889
4.696875	-10.500000	1.736520	0.000840
4.696875	-9.500000	1.720680	0.000863
4.696875	-8.500000	1.827394	0.000721
4.696875	-7.500000	1.895144	0.000643
4.696875	-6.500000	1.856831	0.000686
4.696875	-5.500000	1.857087	0.000686
4.696875	-4.500000	1.924733	0.000612
4.696875	-3.500000	1.940373	0.000596
4.696875	-2.500000	1.846399	0.000698
4.696875	-1.500000	1.933216	0.000604
4.696875	-0.500000	1.935145	0.000602
4.696875	0.500000	1.928693	0.000608
4.696875	1.500000	1.984425	0.000554
4.696875	2.500000	1.867801	0.000674
4.696875	3.500000	1.906329	0.000631
4.696875	4.500000	1.883832	0.000656
4.696875	5.500000	1.866682	0.000675
4.696875	6.500000	1.839304	0.000707
4.696875	7.500000	1.825510	0.000723
4.696875	8.500000	1.811658	0.000740
4.696875	9.500000	1.757980	0.000810
4.696875	10.500000	1.745739	0.000827
4.696875	11.500000	1.709146	0.000880
4.696875	12.500000	1.671750	0.000937
4.696875	13.500000	1.625610	0.001012
4.696875	14.500000	1.984718	0.000554
4.696875	15.500000	4.571912	0.000007
4.696875	16.500000	8.965202	0.000000
4.696875	17.500000	14.718255	0.000000
4.696875	18.500000	9999999.000000	0.000000
4.696875	19.500000	9999999.000000	0.000000

4.865625	-19.500000	9999999.000000	0.000000
4.865625	-18.500000	9999999.000000	0.000000
4.865625	-17.500000	15.148407	0.000000
4.865625	-16.500000	9.312228	0.000000
4.865625	-15.500000	4.832730	0.000005
4.865625	-14.500000	2.186096	0.000395
4.865625	-13.500000	1.786010	0.000773
4.865625	-12.500000	1.832588	0.000715
4.865625	-11.500000	1.849214	0.000695
4.865625	-10.500000	1.854432	0.000689
4.865625	-9.500000	1.877361	0.000663
4.865625	-8.500000	1.926213	0.000611
4.865625	-7.500000	1.941666	0.000595
4.865625	-6.500000	1.978140	0.000560
4.865625	-5.500000	2.000372	0.000539
4.865625	-4.500000	2.036434	0.000507
4.865625	-3.500000	1.925558	0.000611
4.865625	-2.500000	2.008031	0.000532
4.865625	-1.500000	2.007657	0.000533
4.865625	-0.500000	2.084224	0.000468
4.865625	0.500000	2.089393	0.000464
4.865625	1.500000	2.073921	0.000476
4.865625	2.500000	1.999594	0.000540
4.865625	3.500000	2.073252	0.000477
4.865625	4.500000	2.001757	0.000538
4.865625	5.500000	1.961953	0.000575
4.865625	6.500000	1.918628	0.000619
4.865625	7.500000	1.935076	0.000602
4.865625	8.500000	1.956760	0.000580
4.865625	9.500000	1.890011	0.000649
4.865625	10.500000	1.853438	0.000690
4.865625	11.500000	1.746881	0.000826
4.865625	12.500000	1.759933	0.000808
4.865625	13.500000	1.797875	0.000758
4.865625	14.500000	2.061092	0.000487
4.865625	15.500000	4.760844	0.000005
4.865625	16.500000	9.206106	0.000000
4.865625	17.500000	15.047529	0.000000
4.865625	18.500000	9999999.000000	0.000000
4.865625	19.500000	9999999.000000	0.000000

5.034375	-19.500000	9999999.000000	0.000000
5.034375	-18.500000	9999999.000000	0.000000
5.034375	-17.500000	15.465076	0.000000
5.034375	-16.500000	9.549583	0.000000
5.034375	-15.500000	5.076994	0.000003
5.034375	-14.500000	2.345254	0.000302
5.034375	-13.500000	1.958349	0.000579
5.034375	-12.500000	2.032626	0.000511
5.034375	-11.500000	1.981348	0.000557
5.034375	-10.500000	1.999819	0.000540
5.034375	-9.500000	2.038922	0.000505
5.034375	-8.500000	2.046210	0.000499
5.034375	-7.500000	2.147854	0.000421
5.034375	-6.500000	2.102473	0.000454
5.034375	-5.500000	2.173334	0.000403
5.034375	-4.500000	2.151720	0.000418
5.034375	-3.500000	2.074707	0.000476
5.034375	-2.500000	2.182508	0.000397
5.034375	-1.500000	2.204470	0.000383
5.034375	-0.500000	2.206869	0.000381
5.034375	0.500000	2.184480	0.000396
5.034375	1.500000	2.215714	0.000375
5.034375	2.500000	2.217902	0.000374
5.034375	3.500000	2.156340	0.000415
5.034375	4.500000	2.170719	0.000405
5.034375	5.500000	2.163659	0.000410
5.034375	6.500000	2.121931	0.000440
5.034375	7.500000	2.051668	0.000495
5.034375	8.500000	2.083802	0.000469
5.034375	9.500000	2.004909	0.000535
5.034375	10.500000	1.993329	0.000546
5.034375	11.500000	1.923656	0.000613
5.034375	12.500000	1.944908	0.000592
5.034375	13.500000	1.961869	0.000575
5.034375	14.500000	2.301029	0.000325
5.034375	15.500000	5.028630	0.000003
5.034375	16.500000	9.526300	0.000000
5.034375	17.500000	15.409421	0.000000
5.034375	18.500000	9999999.000000	0.000000
5.034375	19.500000	9999999.000000	0.000000

5.203125	-19.500000	9999999.000000	0.000000
5.203125	-18.500000	9999999.000000	0.000000
5.203125	-17.500000	15.710692	0.000000
5.203125	-16.500000	9.779454	0.000000
5.203125	-15.500000	5.211773	0.000002
5.203125	-14.500000	2.508988	0.000229
5.203125	-13.500000	2.063020	0.000485
5.203125	-12.500000	2.096830	0.000458
5.203125	-11.500000	2.116052	0.000444
5.203125	-10.500000	2.196686	0.000388
5.203125	-9.500000	2.169607	0.000406
5.203125	-8.500000	2.169501	0.000406
5.203125	-7.500000	2.274051	0.000340
5.203125	-6.500000	2.289823	0.000331
5.203125	-5.500000	2.316878	0.000317
5.203125	-4.500000	2.289133	0.000332
5.203125	-3.500000	2.278143	0.000338
5.203125	-2.500000	2.348061	0.000301
5.203125	-1.500000	2.359370	0.000295
5.203125	-0.500000	2.390900	0.000280
5.203125	0.500000	2.403205	0.000274
5.203125	1.500000	2.335625	0.000307
5.203125	2.500000	2.330985	0.000309
5.203125	3.500000	2.303758	0.000324
5.203125	4.500000	2.373067	0.000288
5.203125	5.500000	2.235727	0.000363
5.203125	6.500000	2.231961	0.000365
5.203125	7.500000	2.151562	0.000418
5.203125	8.500000	2.252407	0.000353
5.203125	9.500000	2.162724	0.000410
5.203125	10.500000	2.158125	0.000414
5.203125	11.500000	2.105784	0.000452
5.203125	12.500000	2.072031	0.000478
5.203125	13.500000	2.089730	0.000464
5.203125	14.500000	2.371005	0.000289
5.203125	15.500000	5.233463	0.000002
5.203125	16.500000	9.723039	0.000000
5.203125	17.500000	15.690780	0.000000
5.203125	18.500000	9999999.000000	0.000000
5.203125	19.500000	9999999.000000	0.000000

5.371875	-19.500000	9999999.000000	0.000000
5.371875	-18.500000	9999999.000000	0.000000
5.371875	-17.500000	15.878848	0.000000
5.371875	-16.500000	9.938837	0.000000
5.371875	-15.500000	5.395669	0.000002
5.371875	-14.500000	2.567644	0.000208
5.371875	-13.500000	2.230693	0.000366
5.371875	-12.500000	2.177685	0.000400
5.371875	-11.500000	2.206231	0.000381
5.371875	-10.500000	2.276284	0.000339
5.371875	-9.500000	2.276397	0.000339
5.371875	-8.500000	2.264412	0.000346
5.371875	-7.500000	2.364969	0.000292
5.371875	-6.500000	2.429427	0.000262
5.371875	-5.500000	2.446906	0.000255
5.371875	-4.500000	2.441128	0.000257
5.371875	-3.500000	2.416810	0.000268
5.371875	-2.500000	2.437483	0.000259
5.371875	-1.500000	2.420322	0.000266
5.371875	-0.500000	2.481754	0.000240
5.371875	0.500000	2.504767	0.000231
5.371875	1.500000	2.448774	0.000254
5.371875	2.500000	2.474354	0.000243
5.371875	3.500000	2.460771	0.000249
5.371875	4.500000	2.465674	0.000247
5.371875	5.500000	2.426065	0.000264
5.371875	6.500000	2.355731	0.000297
5.371875	7.500000	2.300050	0.000326
5.371875	8.500000	2.319503	0.000315
5.371875	9.500000	2.298753	0.000326
5.371875	10.500000	2.270727	0.000342
5.371875	11.500000	2.171155	0.000405
5.371875	12.500000	2.186913	0.000394
5.371875	13.500000	2.240436	0.000360
5.371875	14.500000	2.452055	0.000252
5.371875	15.500000	5.384167	0.000002
5.371875	16.500000	9.913436	0.000000
5.371875	17.500000	15.829314	0.000000
5.371875	18.500000	9999999.000000	0.000000
5.371875	19.500000	9999999.000000	0.000000

5.540625	-19.500000	9999999.000000	0.000000
5.540625	-18.500000	9999999.000000	0.000000
5.540625	-17.500000	16.110719	0.000000
5.540625	-16.500000	10.146662	0.000000
5.540625	-15.500000	5.626600	0.000001
5.540625	-14.500000	2.707980	0.000164
5.540625	-13.500000	2.350904	0.000299
5.540625	-12.500000	2.400848	0.000275
5.540625	-11.500000	2.366728	0.000291
5.540625	-10.500000	2.474162	0.000243
5.540625	-9.500000	2.425756	0.000264
5.540625	-8.500000	2.454386	0.000251
5.540625	-7.500000	2.540100	0.000218
5.540625	-6.500000	2.562267	0.000210
5.540625	-5.500000	2.589554	0.000200
5.540625	-4.500000	2.579131	0.000204
5.540625	-3.500000	2.581512	0.000203
5.540625	-2.500000	2.616256	0.000191
5.540625	-1.500000	2.623043	0.000189
5.540625	-0.500000	2.709324	0.000164
5.540625	0.500000	2.649085	0.000181
5.540625	1.500000	2.612620	0.000193
5.540625	2.500000	2.627314	0.000188
5.540625	3.500000	2.656956	0.000179
5.540625	4.500000	2.585457	0.000202
5.540625	5.500000	2.569027	0.000207
5.540625	6.500000	2.504395	0.000231
5.540625	7.500000	2.450543	0.000253
5.540625	8.500000	2.447153	0.000254
5.540625	9.500000	2.450789	0.000253
5.540625	10.500000	2.461808	0.000248
5.540625	11.500000	2.371041	0.000289
5.540625	12.500000	2.346113	0.000302
5.540625	13.500000	2.348669	0.000300
5.540625	14.500000	2.637145	0.000185
5.540625	15.500000	5.621713	0.000001
5.540625	16.500000	10.164790	0.000000
5.540625	17.500000	16.023091	0.000000
5.540625	18.500000	9999999.000000	0.000000
5.540625	19.500000	9999999.000000	0.000000

5.709375	-19.500000	9999999.000000	0.000000
5.709375	-18.500000	9999999.000000	0.000000
5.709375	-17.500000	16.305436	0.000000
5.709375	-16.500000	10.340987	0.000000
5.709375	-15.500000	5.838847	0.000001
5.709375	-14.500000	2.876952	0.000124
5.709375	-13.500000	2.561988	0.000210
5.709375	-12.500000	2.572308	0.000206
5.709375	-11.500000	2.566191	0.000208
5.709375	-10.500000	2.685804	0.000170
5.709375	-9.500000	2.637107	0.000185
5.709375	-8.500000	2.665198	0.000176
5.709375	-7.500000	2.695892	0.000167
5.709375	-6.500000	2.782054	0.000145
5.709375	-5.500000	2.746553	0.000154
5.709375	-4.500000	2.810621	0.000138
5.709375	-3.500000	2.755726	0.000151
5.709375	-2.500000	2.755063	0.000152
5.709375	-1.500000	2.823427	0.000135
5.709375	-0.500000	2.811522	0.000138
5.709375	0.500000	2.852349	0.000129
5.709375	1.500000	2.793629	0.000142
5.709375	2.500000	2.815556	0.000137
5.709375	3.500000	2.773772	0.000147
5.709375	4.500000	2.786342	0.000144
5.709375	5.500000	2.673560	0.000174
5.709375	6.500000	2.660156	0.000178
5.709375	7.500000	2.649101	0.000181
5.709375	8.500000	2.651667	0.000180
5.709375	9.500000	2.641725	0.000183
5.709375	10.500000	2.550236	0.000214
5.709375	11.500000	2.515985	0.000227
5.709375	12.500000	2.559556	0.000211
5.709375	13.500000	2.553764	0.000213
5.709375	14.500000	2.836226	0.000132
5.709375	15.500000	5.815372	0.000001
5.709375	16.500000	10.312491	0.000000
5.709375	17.500000	16.252149	0.000000
5.709375	18.500000	9999999.000000	0.000000
5.709375	19.500000	9999999.000000	0.000000

5.878125	-19.500000	9999999.000000	0.000000
5.878125	-18.500000	9999999.000000	0.000000
5.878125	-17.500000	16.415208	0.000000
5.878125	-16.500000	10.462007	0.000000
5.878125	-15.500000	5.945262	0.000001
5.878125	-14.500000	2.986603	0.000103
5.878125	-13.500000	2.682875	0.000171
5.878125	-12.500000	2.684040	0.000171
5.878125	-11.500000	2.661852	0.000177
5.878125	-10.500000	2.711785	0.000163
5.878125	-9.500000	2.762888	0.000150
5.878125	-8.500000	2.730091	0.000158
5.878125	-7.500000	2.807976	0.000139
5.878125	-6.500000	2.824872	0.000135
5.878125	-5.500000	2.876693	0.000124
5.878125	-4.500000	2.872942	0.000124
5.878125	-3.500000	2.847199	0.000130
5.878125	-2.500000	2.885249	0.000122
5.878125	-1.500000	2.916826	0.000116
5.878125	-0.500000	2.917725	0.000115
5.878125	0.500000	2.944821	0.000110
5.878125	1.500000	2.894614	0.000120
5.878125	2.500000	2.947168	0.000110
5.878125	3.500000	2.836629	0.000132
5.878125	4.500000	2.882967	0.000122
5.878125	5.500000	2.802747	0.000140
5.878125	6.500000	2.762227	0.000150
5.878125	7.500000	2.756976	0.000151
5.878125	8.500000	2.735648	0.000157
5.878125	9.500000	2.739899	0.000156
5.878125	10.500000	2.649298	0.000181
5.878125	11.500000	2.704578	0.000165
5.878125	12.500000	2.614868	0.000192
5.878125	13.500000	2.677928	0.000173
5.878125	14.500000	2.929183	0.000113
5.878125	15.500000	5.957990	0.000001
5.878125	16.500000	10.474761	0.000000
5.878125	17.500000	16.335044	0.000000
5.878125	18.500000	9999999.000000	0.000000
5.878125	19.500000	9999999.000000	0.000000

6.046875	-19.500000	9999999.000000	0.000000
6.046875	-18.500000	9999999.000000	0.000000
6.046875	-17.500000	16.462979	0.000000
6.046875	-16.500000	10.557693	0.000000
6.046875	-15.500000	6.035105	0.000001
6.046875	-14.500000	3.045798	0.000093
6.046875	-13.500000	2.723813	0.000160
6.046875	-12.500000	2.682562	0.000171
6.046875	-11.500000	2.709624	0.000164
6.046875	-10.500000	2.798484	0.000141
6.046875	-9.500000	2.793306	0.000142
6.046875	-8.500000	2.828643	0.000134
6.046875	-7.500000	2.849790	0.000129
6.046875	-6.500000	2.848054	0.000130
6.046875	-5.500000	2.944877	0.000110
6.046875	-4.500000	2.946232	0.000110
6.046875	-3.500000	2.943371	0.000110
6.046875	-2.500000	2.960973	0.000107
6.046875	-1.500000	2.984300	0.000103
6.046875	-0.500000	2.996917	0.000101
6.046875	0.500000	2.994918	0.000101
6.046875	1.500000	2.938170	0.000111
6.046875	2.500000	2.997599	0.000101
6.046875	3.500000	2.930593	0.000113
6.046875	4.500000	2.871659	0.000125
6.046875	5.500000	2.826016	0.000135
6.046875	6.500000	2.855028	0.000128
6.046875	7.500000	2.779816	0.000145
6.046875	8.500000	2.831343	0.000133
6.046875	9.500000	2.729752	0.000158
6.046875	10.500000	2.754323	0.000152
6.046875	11.500000	2.734424	0.000157
6.046875	12.500000	2.713883	0.000162
6.046875	13.500000	2.681493	0.000172
6.046875	14.500000	2.997706	0.000101
6.046875	15.500000	6.034216	0.000001
6.046875	16.500000	10.535452	0.000000
6.046875	17.500000	16.426700	0.000000
6.046875	18.500000	9999999.000000	0.000000
6.046875	19.500000	9999999.000000	0.000000

6.215625	-19.500000	9999999.000000	0.000000
6.215625	-18.500000	9999999.000000	0.000000
6.215625	-17.500000	16.445475	0.000000
6.215625	-16.500000	10.562105	0.000000
6.215625	-15.500000	6.091549	0.000001
6.215625	-14.500000	3.079072	0.000088
6.215625	-13.500000	2.716985	0.000162
6.215625	-12.500000	2.719003	0.000161
6.215625	-11.500000	2.670047	0.000175
6.215625	-10.500000	2.740149	0.000155
6.215625	-9.500000	2.851596	0.000129
6.215625	-8.500000	2.892607	0.000120
6.215625	-7.500000	2.821001	0.000136
6.215625	-6.500000	2.898308	0.000119
6.215625	-5.500000	2.938265	0.000111
6.215625	-4.500000	2.916814	0.000116
6.215625	-3.500000	2.985941	0.000103
6.215625	-2.500000	2.971878	0.000105
6.215625	-1.500000	2.973606	0.000105
6.215625	-0.500000	3.032375	0.000095
6.215625	0.500000	2.962721	0.000107
6.215625	1.500000	2.964410	0.000107
6.215625	2.500000	2.900225	0.000119
6.215625	3.500000	2.985557	0.000103
6.215625	4.500000	2.934811	0.000112
6.215625	5.500000	2.900574	0.000119
6.215625	6.500000	2.835148	0.000133
6.215625	7.500000	2.768349	0.000148
6.215625	8.500000	2.897374	0.000119
6.215625	9.500000	2.759717	0.000150
6.215625	10.500000	2.748366	0.000153
6.215625	11.500000	2.701031	0.000166
6.215625	12.500000	2.727259	0.000159
6.215625	13.500000	2.702221	0.000166
6.215625	14.500000	2.996007	0.000101
6.215625	15.500000	6.133014	0.000001
6.215625	16.500000	10.539610	0.000000
6.215625	17.500000	16.424203	0.000000
6.215625	18.500000	9999999.000000	0.000000
6.215625	19.500000	9999999.000000	0.000000

6.384375	-19.500000	9999999.000000	0.000000
6.384375	-18.500000	9999999.000000	0.000000
6.384375	-17.500000	16.412463	0.000000
6.384375	-16.500000	10.537048	0.000000
6.384375	-15.500000	6.007846	0.000001
6.384375	-14.500000	3.007163	0.000099
6.384375	-13.500000	2.741199	0.000155
6.384375	-12.500000	2.711237	0.000163
6.384375	-11.500000	2.685432	0.000170
6.384375	-10.500000	2.792996	0.000142
6.384375	-9.500000	2.742790	0.000155
6.384375	-8.500000	2.800112	0.000141
6.384375	-7.500000	2.820845	0.000136
6.384375	-6.500000	2.850062	0.000129
6.384375	-5.500000	2.933064	0.000112
6.384375	-4.500000	2.915997	0.000116
6.384375	-3.500000	2.944736	0.000110
6.384375	-2.500000	2.920930	0.000115
6.384375	-1.500000	2.944735	0.000110
6.384375	-0.500000	2.998003	0.000101
6.384375	0.500000	2.930235	0.000113
6.384375	1.500000	2.944831	0.000110
6.384375	2.500000	2.947905	0.000110
6.384375	3.500000	2.901485	0.000119
6.384375	4.500000	2.941853	0.000111
6.384375	5.500000	2.855760	0.000128
6.384375	6.500000	2.764532	0.000149
6.384375	7.500000	2.736929	0.000156
6.384375	8.500000	2.683992	0.000171
6.384375	9.500000	2.747810	0.000153
6.384375	10.500000	2.711870	0.000163
6.384375	11.500000	2.653556	0.000180
6.384375	12.500000	2.658835	0.000178
6.384375	13.500000	2.696339	0.000167
6.384375	14.500000	2.950976	0.000109
6.384375	15.500000	6.091105	0.000001
6.384375	16.500000	10.527192	0.000000
6.384375	17.500000	16.386930	0.000000
6.384375	18.500000	9999999.000000	0.000000
6.384375	19.500000	9999999.000000	0.000000

6.553125	-19.500000	9999999.000000	0.000000
6.553125	-18.500000	9999999.000000	0.000000
6.553125	-17.500000	16.384281	0.000000
6.553125	-16.500000	10.561316	0.000000
6.553125	-15.500000	6.035480	0.000001
6.553125	-14.500000	2.980531	0.000104
6.553125	-13.500000	2.677911	0.000173
6.553125	-12.500000	2.653958	0.000180
6.553125	-11.500000	2.608470	0.000194
6.553125	-10.500000	2.713011	0.000163
6.553125	-9.500000	2.693620	0.000168
6.553125	-8.500000	2.747655	0.000154
6.553125	-7.500000	2.781464	0.000145
6.553125	-6.500000	2.832127	0.000133
6.553125	-5.500000	2.901047	0.000119
6.553125	-4.500000	2.882729	0.000122
6.553125	-3.500000	2.898294	0.000119
6.553125	-2.500000	2.901711	0.000118
6.553125	-1.500000	2.926696	0.000114
6.553125	-0.500000	2.915962	0.000116
6.553125	0.500000	2.914872	0.000116
6.553125	1.500000	2.943898	0.000110
6.553125	2.500000	2.894265	0.000120
6.553125	3.500000	2.857051	0.000128
6.553125	4.500000	2.867698	0.000125
6.553125	5.500000	2.807590	0.000139
6.553125	6.500000	2.747471	0.000154
6.553125	7.500000	2.723645	0.000160
6.553125	8.500000	2.684743	0.000171
6.553125	9.500000	2.707102	0.000164
6.553125	10.500000	2.690853	0.000169
6.553125	11.500000	2.639339	0.000184
6.553125	12.500000	2.645078	0.000182
6.553125	13.500000	2.649054	0.000181
6.553125	14.500000	2.936776	0.000112
6.553125	15.500000	6.047097	0.000001
6.553125	16.500000	10.542508	0.000000
6.553125	17.500000	16.384488	0.000000
6.553125	18.500000	9999999.000000	0.000000
6.553125	19.500000	9999999.000000	0.000000

6.721875	-19.500000	9999999.000000	0.000000
6.721875	-18.500000	9999999.000000	0.000000
6.721875	-17.500000	16.429175	0.000000
6.721875	-16.500000	10.635341	0.000000
6.721875	-15.500000	6.066021	0.000001
6.721875	-14.500000	2.966879	0.000106
6.721875	-13.500000	2.649690	0.000181
6.721875	-12.500000	2.642707	0.000183
6.721875	-11.500000	2.609626	0.000194
6.721875	-10.500000	2.724783	0.000160
6.721875	-9.500000	2.701012	0.000166
6.721875	-8.500000	2.748022	0.000153
6.721875	-7.500000	2.796906	0.000141
6.721875	-6.500000	2.797127	0.000141
6.721875	-5.500000	2.863688	0.000126
6.721875	-4.500000	2.847176	0.000130
6.721875	-3.500000	2.876427	0.000124
6.721875	-2.500000	2.881056	0.000123
6.721875	-1.500000	2.954589	0.000108
6.721875	-0.500000	2.905073	0.000118
6.721875	0.500000	2.925148	0.000114
6.721875	1.500000	2.901442	0.000119
6.721875	2.500000	2.888541	0.000121
6.721875	3.500000	2.841458	0.000131
6.721875	4.500000	2.828194	0.000134
6.721875	5.500000	2.831837	0.000133
6.721875	6.500000	2.732567	0.000157
6.721875	7.500000	2.709861	0.000164
6.721875	8.500000	2.693455	0.000168
6.721875	9.500000	2.706156	0.000165
6.721875	10.500000	2.662040	0.000177
6.721875	11.500000	2.606934	0.000194
6.721875	12.500000	2.639124	0.000184
6.721875	13.500000	2.660191	0.000178
6.721875	14.500000	2.967083	0.000106
6.721875	15.500000	6.129327	0.000001
6.721875	16.500000	10.590544	0.000000
6.721875	17.500000	16.420682	0.000000
6.721875	18.500000	9999999.000000	0.000000
6.721875	19.500000	9999999.000000	0.000000

6.890625	-19.500000	9999999.000000	0.000000
6.890625	-18.500000	9999999.000000	0.000000
6.890625	-17.500000	16.417392	0.000000
6.890625	-16.500000	10.627351	0.000000
6.890625	-15.500000	6.046767	0.000001
6.890625	-14.500000	3.021939	0.000097
6.890625	-13.500000	2.697242	0.000167
6.890625	-12.500000	2.594893	0.000198
6.890625	-11.500000	2.608241	0.000194
6.890625	-10.500000	2.695844	0.000167
6.890625	-9.500000	2.713762	0.000163
6.890625	-8.500000	2.687516	0.000170
6.890625	-7.500000	2.768062	0.000148
6.890625	-6.500000	2.796754	0.000141
6.890625	-5.500000	2.863576	0.000126
6.890625	-4.500000	2.842855	0.000131
6.890625	-3.500000	2.840822	0.000131
6.890625	-2.500000	2.884808	0.000122
6.890625	-1.500000	2.884088	0.000122
6.890625	-0.500000	2.912840	0.000116
6.890625	0.500000	2.901330	0.000119
6.890625	1.500000	2.964773	0.000107
6.890625	2.500000	2.876154	0.000124
6.890625	3.500000	2.815660	0.000137
6.890625	4.500000	2.846423	0.000130
6.890625	5.500000	2.800837	0.000140
6.890625	6.500000	2.766010	0.000149
6.890625	7.500000	2.720401	0.000161
6.890625	8.500000	2.646931	0.000182
6.890625	9.500000	2.679231	0.000172
6.890625	10.500000	2.660627	0.000178
6.890625	11.500000	2.622951	0.000189
6.890625	12.500000	2.643560	0.000183
6.890625	13.500000	2.659371	0.000178
6.890625	14.500000	2.921060	0.000115
6.890625	15.500000	6.127258	0.000001
6.890625	16.500000	10.558416	0.000000
6.890625	17.500000	16.436267	0.000000
6.890625	18.500000	9999999.000000	0.000000
6.890625	19.500000	9999999.000000	0.000000

7.059375	-19.500000	9999999.000000	0.000000
7.059375	-18.500000	9999999.000000	0.000000
7.059375	-17.500000	16.475449	0.000000
7.059375	-16.500000	10.627873	0.000000
7.059375	-15.500000	6.032543	0.000001
7.059375	-14.500000	2.968350	0.000106
7.059375	-13.500000	2.674576	0.000174
7.059375	-12.500000	2.633158	0.000186
7.059375	-11.500000	2.655096	0.000179
7.059375	-10.500000	2.656134	0.000179
7.059375	-9.500000	2.718683	0.000161
7.059375	-8.500000	2.716957	0.000162
7.059375	-7.500000	2.772983	0.000147
7.059375	-6.500000	2.782971	0.000145
7.059375	-5.500000	2.861848	0.000127
7.059375	-4.500000	2.853312	0.000129
7.059375	-3.500000	2.850388	0.000129
7.059375	-2.500000	2.918732	0.000115
7.059375	-1.500000	2.975082	0.000105
7.059375	-0.500000	2.925689	0.000114
7.059375	0.500000	2.908549	0.000117
7.059375	1.500000	2.958836	0.000108
7.059375	2.500000	2.946872	0.000110
7.059375	3.500000	2.842067	0.000131
7.059375	4.500000	2.770619	0.000148
7.059375	5.500000	2.855712	0.000128
7.059375	6.500000	2.738032	0.000156
7.059375	7.500000	2.710281	0.000163
7.059375	8.500000	2.698347	0.000167
7.059375	9.500000	2.662075	0.000177
7.059375	10.500000	2.652297	0.000180
7.059375	11.500000	2.633492	0.000186
7.059375	12.500000	2.662756	0.000177
7.059375	13.500000	2.637098	0.000185
7.059375	14.500000	2.899055	0.000119
7.059375	15.500000	6.116343	0.000001
7.059375	16.500000	10.603265	0.000000
7.059375	17.500000	16.529343	0.000000
7.059375	18.500000	9999999.000000	0.000000
7.059375	19.500000	9999999.000000	0.000000

7.228125	-19.500000	9999999.000000	0.000000
7.228125	-18.500000	9999999.000000	0.000000
7.228125	-17.500000	16.550316	0.000000
7.228125	-16.500000	10.655330	0.000000
7.228125	-15.500000	6.132635	0.000001
7.228125	-14.500000	3.063768	0.000090
7.228125	-13.500000	2.664957	0.000176
7.228125	-12.500000	2.650888	0.000181
7.228125	-11.500000	2.673984	0.000174
7.228125	-10.500000	2.727357	0.000159
7.228125	-9.500000	2.718591	0.000161
7.228125	-8.500000	2.734375	0.000157
7.228125	-7.500000	2.778870	0.000146
7.228125	-6.500000	2.808518	0.000139
7.228125	-5.500000	2.851764	0.000129
7.228125	-4.500000	2.902903	0.000118
7.228125	-3.500000	2.850668	0.000129
7.228125	-2.500000	2.927463	0.000113
7.228125	-1.500000	2.935410	0.000112
7.228125	-0.500000	2.943978	0.000110
7.228125	0.500000	2.924663	0.000114
7.228125	1.500000	2.956258	0.000108
7.228125	2.500000	2.909455	0.000117
7.228125	3.500000	2.963675	0.000107
7.228125	4.500000	2.828476	0.000134
7.228125	5.500000	2.824174	0.000135
7.228125	6.500000	2.774747	0.000147
7.228125	7.500000	2.738420	0.000156
7.228125	8.500000	2.724522	0.000160
7.228125	9.500000	2.687859	0.000170
7.228125	10.500000	2.644175	0.000183
7.228125	11.500000	2.670285	0.000175
7.228125	12.500000	2.618515	0.000191
7.228125	13.500000	2.655410	0.000179
7.228125	14.500000	2.923672	0.000114
7.228125	15.500000	6.165007	0.000000
7.228125	16.500000	10.680821	0.000000
7.228125	17.500000	16.526581	0.000000
7.228125	18.500000	9999999.000000	0.000000
7.228125	19.500000	9999999.000000	0.000000

7.396875	-19.500000	9999999.000000	0.000000
7.396875	-18.500000	9999999.000000	0.000000
7.396875	-17.500000	16.578337	0.000000
7.396875	-16.500000	10.716474	0.000000
7.396875	-15.500000	6.219396	0.000000
7.396875	-14.500000	3.018874	0.000097
7.396875	-13.500000	2.682673	0.000171
7.396875	-12.500000	2.701535	0.000166
7.396875	-11.500000	2.714618	0.000162
7.396875	-10.500000	2.696156	0.000167
7.396875	-9.500000	2.776140	0.000146
7.396875	-8.500000	2.767267	0.000149
7.396875	-7.500000	2.801203	0.000140
7.396875	-6.500000	2.849316	0.000129
7.396875	-5.500000	2.901661	0.000119
7.396875	-4.500000	2.950863	0.000109
7.396875	-3.500000	2.945652	0.000110
7.396875	-2.500000	2.953897	0.000109
7.396875	-1.500000	2.963989	0.000107
7.396875	-0.500000	3.008032	0.000099
7.396875	0.500000	2.987889	0.000103
7.396875	1.500000	2.948730	0.000109
7.396875	2.500000	2.915843	0.000116
7.396875	3.500000	2.889881	0.000121
7.396875	4.500000	2.864589	0.000126
7.396875	5.500000	2.800264	0.000141
7.396875	6.500000	2.813391	0.000137
7.396875	7.500000	2.749862	0.000153
7.396875	8.500000	2.728655	0.000158
7.396875	9.500000	2.730810	0.000158
7.396875	10.500000	2.682743	0.000171
7.396875	11.500000	2.688452	0.000170
7.396875	12.500000	2.624625	0.000189
7.396875	13.500000	2.704591	0.000165
7.396875	14.500000	2.983917	0.000103
7.396875	15.500000	6.202165	0.000000
7.396875	16.500000	10.695027	0.000000
7.396875	17.500000	16.573939	0.000000
7.396875	18.500000	9999999.000000	0.000000
7.396875	19.500000	9999999.000000	0.000000

7.565625	-19.500000	9999999.000000	0.000000
7.565625	-18.500000	9999999.000000	0.000000
7.565625	-17.500000	16.647109	0.000000
7.565625	-16.500000	10.741339	0.000000
7.565625	-15.500000	6.239189	0.000000
7.565625	-14.500000	3.076047	0.000088
7.565625	-13.500000	2.681100	0.000172
7.565625	-12.500000	2.739458	0.000156
7.565625	-11.500000	2.711653	0.000163
7.565625	-10.500000	2.782487	0.000145
7.565625	-9.500000	2.755631	0.000151
7.565625	-8.500000	2.778999	0.000146
7.565625	-7.500000	2.819858	0.000136
7.565625	-6.500000	2.875557	0.000124
7.565625	-5.500000	2.922170	0.000114
7.565625	-4.500000	2.962760	0.000107
7.565625	-3.500000	2.956366	0.000108
7.565625	-2.500000	2.930700	0.000113
7.565625	-1.500000	2.990276	0.000102
7.565625	-0.500000	2.998412	0.000101
7.565625	0.500000	3.010299	0.000099
7.565625	1.500000	3.032369	0.000095
7.565625	2.500000	2.978870	0.000104
7.565625	3.500000	2.918998	0.000115
7.565625	4.500000	2.865706	0.000126
7.565625	5.500000	2.852631	0.000129
7.565625	6.500000	2.861171	0.000127
7.565625	7.500000	2.813769	0.000137
7.565625	8.500000	2.721869	0.000160
7.565625	9.500000	2.776001	0.000146
7.565625	10.500000	2.699017	0.000167
7.565625	11.500000	2.711839	0.000163
7.565625	12.500000	2.671763	0.000174
7.565625	13.500000	2.723562	0.000160
7.565625	14.500000	3.004955	0.000100
7.565625	15.500000	6.227358	0.000000
7.565625	16.500000	10.731716	0.000000
7.565625	17.500000	16.667948	0.000000
7.565625	18.500000	9999999.000000	0.000000
7.565625	19.500000	9999999.000000	0.000000

7.734375	-19.500000	9999999.000000	0.000000
7.734375	-18.500000	9999999.000000	0.000000
7.734375	-17.500000	16.716981	0.000000
7.734375	-16.500000	10.850607	0.000000
7.734375	-15.500000	6.287261	0.000000
7.734375	-14.500000	3.094351	0.000086
7.734375	-13.500000	2.806698	0.000139
7.734375	-12.500000	2.730005	0.000158
7.734375	-11.500000	2.770347	0.000148
7.734375	-10.500000	2.824866	0.000135
7.734375	-9.500000	2.801216	0.000140
7.734375	-8.500000	2.781597	0.000145
7.734375	-7.500000	2.909315	0.000117
7.734375	-6.500000	2.922865	0.000114
7.734375	-5.500000	2.994766	0.000101
7.734375	-4.500000	2.965936	0.000106
7.734375	-3.500000	3.058761	0.000091
7.734375	-2.500000	3.038665	0.000094
7.734375	-1.500000	3.052753	0.000092
7.734375	-0.500000	3.075780	0.000088
7.734375	0.500000	3.003969	0.000100
7.734375	1.500000	3.000827	0.000100
7.734375	2.500000	2.980819	0.000104
7.734375	3.500000	3.004619	0.000100
7.734375	4.500000	2.884827	0.000122
7.734375	5.500000	2.956408	0.000108
7.734375	6.500000	2.913528	0.000116
7.734375	7.500000	2.815498	0.000137
7.734375	8.500000	2.810865	0.000138
7.734375	9.500000	2.754504	0.000152
7.734375	10.500000	2.757875	0.000151
7.734375	11.500000	2.766706	0.000149
7.734375	12.500000	2.709401	0.000164
7.734375	13.500000	2.738700	0.000156
7.734375	14.500000	3.090004	0.000086
7.734375	15.500000	6.304265	0.000000
7.734375	16.500000	10.823675	0.000000
7.734375	17.500000	16.702449	0.000000
7.734375	18.500000	9999999.000000	0.000000
7.734375	19.500000	9999999.000000	0.000000

7.903125	-19.500000	9999999.000000	0.000000
7.903125	-18.500000	9999999.000000	0.000000
7.903125	-17.500000	16.734295	0.000000
7.903125	-16.500000	10.822863	0.000000
7.903125	-15.500000	6.328371	0.000000
7.903125	-14.500000	3.070358	0.000089
7.903125	-13.500000	2.776569	0.000146
7.903125	-12.500000	2.761249	0.000150
7.903125	-11.500000	2.735528	0.000157
7.903125	-10.500000	2.770359	0.000148
7.903125	-9.500000	2.857313	0.000128
7.903125	-8.500000	2.815987	0.000137
7.903125	-7.500000	2.848938	0.000129
7.903125	-6.500000	2.961579	0.000107
7.903125	-5.500000	2.937210	0.000112
7.903125	-4.500000	3.021330	0.000097
7.903125	-3.500000	3.007837	0.000099
7.903125	-2.500000	3.044644	0.000093
7.903125	-1.500000	3.073947	0.000089
7.903125	-0.500000	3.037751	0.000094
7.903125	0.500000	3.029681	0.000096
7.903125	1.500000	3.005704	0.000099
7.903125	2.500000	2.981824	0.000104
7.903125	3.500000	3.008081	0.000099
7.903125	4.500000	2.942046	0.000111
7.903125	5.500000	2.909429	0.000117
7.903125	6.500000	2.863277	0.000126
7.903125	7.500000	2.816219	0.000137
7.903125	8.500000	2.748772	0.000153
7.903125	9.500000	2.712879	0.000163
7.903125	10.500000	2.765162	0.000149
7.903125	11.500000	2.724954	0.000159
7.903125	12.500000	2.661598	0.000177
7.903125	13.500000	2.748420	0.000153
7.903125	14.500000	3.038425	0.000094
7.903125	15.500000	6.329345	0.000000
7.903125	16.500000	10.779655	0.000000
7.903125	17.500000	16.725396	0.000000
7.903125	18.500000	9999999.000000	0.000000
7.903125	19.500000	9999999.000000	0.000000

8.071875	-19.500000	9999999.000000	0.000000
8.071875	-18.500000	9999999.000000	0.000000
8.071875	-17.500000	16.720501	0.000000
8.071875	-16.500000	10.833839	0.000000
8.071875	-15.500000	6.320589	0.000000
8.071875	-14.500000	3.088733	0.000087
8.071875	-13.500000	2.820473	0.000136
8.071875	-12.500000	2.802891	0.000140
8.071875	-11.500000	2.821253	0.000136
8.071875	-10.500000	2.821983	0.000135
8.071875	-9.500000	2.890975	0.000121
8.071875	-8.500000	2.825600	0.000135
8.071875	-7.500000	2.855864	0.000128
8.071875	-6.500000	3.006940	0.000099
8.071875	-5.500000	2.974493	0.000105
8.071875	-4.500000	3.045945	0.000093
8.071875	-3.500000	3.002140	0.000100
8.071875	-2.500000	3.062268	0.000090
8.071875	-1.500000	3.039900	0.000094
8.071875	-0.500000	3.100253	0.000085
8.071875	0.500000	3.088456	0.000087
8.071875	1.500000	3.037457	0.000094
8.071875	2.500000	3.014185	0.000098
8.071875	3.500000	3.000710	0.000100
8.071875	4.500000	2.967859	0.000106
8.071875	5.500000	2.929145	0.000113
8.071875	6.500000	2.927431	0.000113
8.071875	7.500000	2.772876	0.000147
8.071875	8.500000	2.792181	0.000142
8.071875	9.500000	2.795097	0.000142
8.071875	10.500000	2.749164	0.000153
8.071875	11.500000	2.766767	0.000149
8.071875	12.500000	2.715018	0.000162
8.071875	13.500000	2.730485	0.000158
8.071875	14.500000	3.088266	0.000087
8.071875	15.500000	6.264971	0.000000
8.071875	16.500000	10.810225	0.000000
8.071875	17.500000	16.742970	0.000000
8.071875	18.500000	9999999.000000	0.000000
8.071875	19.500000	9999999.000000	0.000000

8.240625	-19.500000	9999999.000000	0.000000
8.240625	-18.500000	9999999.000000	0.000000
8.240625	-17.500000	16.786290	0.000000
8.240625	-16.500000	10.880445	0.000000
8.240625	-15.500000	6.371735	0.000000
8.240625	-14.500000	3.141635	0.000079
8.240625	-13.500000	2.835029	0.000133
8.240625	-12.500000	2.835817	0.000132
8.240625	-11.500000	2.827258	0.000134
8.240625	-10.500000	2.855597	0.000128
8.240625	-9.500000	2.882659	0.000122
8.240625	-8.500000	2.856046	0.000128
8.240625	-7.500000	2.889151	0.000121
8.240625	-6.500000	2.933472	0.000112
8.240625	-5.500000	2.984023	0.000103
8.240625	-4.500000	3.048376	0.000093
8.240625	-3.500000	3.084930	0.000087
8.240625	-2.500000	3.108532	0.000084
8.240625	-1.500000	3.112773	0.000083
8.240625	-0.500000	3.095707	0.000086
8.240625	0.500000	3.082257	0.000087
8.240625	1.500000	3.043654	0.000093
8.240625	2.500000	3.077533	0.000088
8.240625	3.500000	3.012943	0.000098
8.240625	4.500000	2.957930	0.000108
8.240625	5.500000	2.946114	0.000110
8.240625	6.500000	2.907576	0.000117
8.240625	7.500000	2.821831	0.000136
8.240625	8.500000	2.839663	0.000132
8.240625	9.500000	2.821988	0.000135
8.240625	10.500000	2.808682	0.000139
8.240625	11.500000	2.713025	0.000163
8.240625	12.500000	2.718840	0.000161
8.240625	13.500000	2.805951	0.000139
8.240625	14.500000	3.108029	0.000084
8.240625	15.500000	6.303087	0.000000
8.240625	16.500000	10.898056	0.000000
8.240625	17.500000	16.773885	0.000000
8.240625	18.500000	9999999.000000	0.000000
8.240625	19.500000	9999999.000000	0.000000

8.409375	-19.500000	9999999.000000	0.000000
8.409375	-18.500000	9999999.000000	0.000000
8.409375	-17.500000	16.738198	0.000000
8.409375	-16.500000	10.795267	0.000000
8.409375	-15.500000	6.330599	0.000000
8.409375	-14.500000	3.126256	0.000081
8.409375	-13.500000	2.844404	0.000130
8.409375	-12.500000	2.798327	0.000141
8.409375	-11.500000	2.795922	0.000142
8.409375	-10.500000	2.881942	0.000122
8.409375	-9.500000	2.890989	0.000121
8.409375	-8.500000	2.935449	0.000112
8.409375	-7.500000	2.924488	0.000114
8.409375	-6.500000	2.950509	0.000109
8.409375	-5.500000	2.988004	0.000102
8.409375	-4.500000	3.046403	0.000093
8.409375	-3.500000	3.054562	0.000092
8.409375	-2.500000	3.065301	0.000090
8.409375	-1.500000	3.099210	0.000085
8.409375	-0.500000	3.106490	0.000084
8.409375	0.500000	3.069546	0.000089
8.409375	1.500000	3.002496	0.000100
8.409375	2.500000	3.036538	0.000094
8.409375	3.500000	2.967333	0.000106
8.409375	4.500000	2.919037	0.000115
8.409375	5.500000	2.937718	0.000112
8.409375	6.500000	2.858455	0.000127
8.409375	7.500000	2.836553	0.000132
8.409375	8.500000	2.795307	0.000142
8.409375	9.500000	2.789711	0.000143
8.409375	10.500000	2.765079	0.000149
8.409375	11.500000	2.701713	0.000166
8.409375	12.500000	2.716025	0.000162
8.409375	13.500000	2.761678	0.000150
8.409375	14.500000	3.016115	0.000098
8.409375	15.500000	6.306221	0.000000
8.409375	16.500000	10.853281	0.000000
8.409375	17.500000	16.758162	0.000000
8.409375	18.500000	9999999.000000	0.000000
8.409375	19.500000	9999999.000000	0.000000

8.578125	-19.500000	9999999.000000	0.000000
8.578125	-18.500000	9999999.000000	0.000000
8.578125	-17.500000	16.741228	0.000000
8.578125	-16.500000	10.807380	0.000000
8.578125	-15.500000	6.358875	0.000000
8.578125	-14.500000	3.131157	0.000081
8.578125	-13.500000	2.816512	0.000137
8.578125	-12.500000	2.766986	0.000149
8.578125	-11.500000	2.825433	0.000135
8.578125	-10.500000	2.833323	0.000133
8.578125	-9.500000	2.865028	0.000126
8.578125	-8.500000	2.924206	0.000114
8.578125	-7.500000	2.943371	0.000110
8.578125	-6.500000	2.958828	0.000108
8.578125	-5.500000	3.004773	0.000100
8.578125	-4.500000	3.000862	0.000100
8.578125	-3.500000	3.010152	0.000099
8.578125	-2.500000	3.056329	0.000091
8.578125	-1.500000	3.089806	0.000086
8.578125	-0.500000	3.091189	0.000086
8.578125	0.500000	3.086915	0.000087
8.578125	1.500000	2.985325	0.000103
8.578125	2.500000	2.967237	0.000106
8.578125	3.500000	3.029591	0.000096
8.578125	4.500000	2.945567	0.000110
8.578125	5.500000	2.912403	0.000116
8.578125	6.500000	2.861820	0.000127
8.578125	7.500000	2.880063	0.000123
8.578125	8.500000	2.741471	0.000155
8.578125	9.500000	2.759034	0.000151
8.578125	10.500000	2.732300	0.000158
8.578125	11.500000	2.721090	0.000161
8.578125	12.500000	2.688301	0.000170
8.578125	13.500000	2.759495	0.000150
8.578125	14.500000	3.114658	0.000083
8.578125	15.500000	6.266887	0.000000
8.578125	16.500000	10.833230	0.000000
8.578125	17.500000	16.730462	0.000000
8.578125	18.500000	9999999.000000	0.000000
8.578125	19.500000	9999999.000000	0.000000

8.746875	-19.500000	9999999.000000	0.000000
8.746875	-18.500000	9999999.000000	0.000000
8.746875	-17.500000	16.775249	0.000000
8.746875	-16.500000	10.786741	0.000000
8.746875	-15.500000	6.301154	0.000000
8.746875	-14.500000	3.184720	0.000074
8.746875	-13.500000	2.840244	0.000131
8.746875	-12.500000	2.790955	0.000143
8.746875	-11.500000	2.753683	0.000152
8.746875	-10.500000	2.815566	0.000137
8.746875	-9.500000	2.832614	0.000133
8.746875	-8.500000	2.915736	0.000116
8.746875	-7.500000	2.912949	0.000116
8.746875	-6.500000	2.942227	0.000111
8.746875	-5.500000	3.015933	0.000098
8.746875	-4.500000	2.994686	0.000101
8.746875	-3.500000	3.073846	0.000089
8.746875	-2.500000	3.025590	0.000096
8.746875	-1.500000	3.060387	0.000091
8.746875	-0.500000	3.082299	0.000087
8.746875	0.500000	3.052213	0.000092
8.746875	1.500000	3.065397	0.000090
8.746875	2.500000	2.978877	0.000104
8.746875	3.500000	2.990549	0.000102
8.746875	4.500000	2.940520	0.000111
8.746875	5.500000	2.921828	0.000115
8.746875	6.500000	2.878042	0.000123
8.746875	7.500000	2.841745	0.000131
8.746875	8.500000	2.809858	0.000138
8.746875	9.500000	2.772483	0.000147
8.746875	10.500000	2.756189	0.000151
8.746875	11.500000	2.701231	0.000166
8.746875	12.500000	2.735469	0.000157
8.746875	13.500000	2.756555	0.000151
8.746875	14.500000	3.070816	0.000089
8.746875	15.500000	6.214740	0.000000
8.746875	16.500000	10.829264	0.000000
8.746875	17.500000	16.774277	0.000000
8.746875	18.500000	9999999.000000	0.000000
8.746875	19.500000	9999999.000000	0.000000

8.915625	-19.500000	9999999.000000	0.000000
8.915625	-18.500000	9999999.000000	0.000000
8.915625	-17.500000	16.757507	0.000000
8.915625	-16.500000	10.756787	0.000000
8.915625	-15.500000	6.295415	0.000000
8.915625	-14.500000	3.114494	0.000083
8.915625	-13.500000	2.830097	0.000134
8.915625	-12.500000	2.752779	0.000152
8.915625	-11.500000	2.765270	0.000149
8.915625	-10.500000	2.741684	0.000155
8.915625	-9.500000	2.844584	0.000130
8.915625	-8.500000	2.839096	0.000132
8.915625	-7.500000	2.874355	0.000124
8.915625	-6.500000	2.913599	0.000116
8.915625	-5.500000	2.990059	0.000102
8.915625	-4.500000	2.932743	0.000112
8.915625	-3.500000	3.020865	0.000097
8.915625	-2.500000	3.039716	0.000094
8.915625	-1.500000	3.042249	0.000094
8.915625	-0.500000	3.072447	0.000089
8.915625	0.500000	3.026191	0.000096
8.915625	1.500000	3.018192	0.000097
8.915625	2.500000	2.984401	0.000103
8.915625	3.500000	2.968005	0.000106
8.915625	4.500000	2.923876	0.000114
8.915625	5.500000	2.820750	0.000136
8.915625	6.500000	2.847915	0.000130
8.915625	7.500000	2.795483	0.000142
8.915625	8.500000	2.828487	0.000134
8.915625	9.500000	2.773113	0.000147
8.915625	10.500000	2.762659	0.000150
8.915625	11.500000	2.705505	0.000165
8.915625	12.500000	2.615386	0.000192
8.915625	13.500000	2.695801	0.000167
8.915625	14.500000	3.059841	0.000091
8.915625	15.500000	6.254528	0.000000
8.915625	16.500000	10.812732	0.000000
8.915625	17.500000	16.726636	0.000000
8.915625	18.500000	9999999.000000	0.000000
8.915625	19.500000	9999999.000000	0.000000

